99
0 1000000
63423 997986
126592 991954
189251 981928
251147 967948
312033 950071
371662 928367
429794 902926
486196 873849
540640 841253
592907 805270
642787 766044
690079 723734
734591 678509
776146 630552
814575 580056
849725 527225
881453 472271
909631 415415
934147 356886
954902 296920
971811 235758
984807 173648
993838 110838
998867 47581
999874 -15865
996854 -79249
989821 -142314
978802 -204806
963842 -266473
945000 -327067
922354 -386345
895993 -444066
866025 -499999
832569 -553920
795761 -605609
755749 -654860
712694 -701474
666769 -745264
618158 -786053
567059 -823676
513677 -857983
458226 -888835
400930 -916108
342020 -939692
281732 -959492
220310 -975429
158001 -987438
95056 -995471
31727 -999496
-31727 -999496
-95056 -995471
-158001 -987438
-220310 -975429
-281732 -959492
-342020 -939692
-400930 -916108
-458226 -888835
-513677 -857983
-567059 -823676
-618158 -786053
-666769 -745264
-712694 -701474
-755749 -654860
-795761 -605609
-832569 -553920
-866025 -500000
-895993 -444066
-922354 -386345
-945000 -327067
-963842 -266473
-978802 -204806
-989821 -142314
-996854 -79249
-999874 -15865
-998867 47581
-993838 110838
-984807 173648
-971811 235758
-954902 296920
-934147 356886
-909631 415415
-881453 472271
-849725 527225
-814575 580056
-776146 630552
-734591 678509
-690079 723734
-642787 766044
-592907 805270
-540640 841253
-486196 873849
-429794 902926
-371662 928367
-312033 950071
-251147 967948
-189251 981928
-126592 991954
-63423 997986
63423 997986 60000 998092
