104
107
51
95
157
125
166
148
151
224
191
204
277
219
248
291
378
224
231
256
282
315
288
381
264
412
333
425
458
496
506
489
548
514
526
644
387
568
603
583
365
553
639
565
641
725
650
759
703
767
760
815
875
914
843
1008
960
596
900
848
909
1015
1104
1028
1007
1039
959
983
1086
1054
1125
1070
1198
677
1127
1188
674
1171
1182
1216
1267
1223
765
1275
1314
762
725
1366
1373
1423
1456
1337
1542
1413
1511
1423
1539
1446
897
1520
1526
1637
1624
1671
905
1716
921
1797
1740
1616
1837
1654
1922
959
1669
1896
1730
1992
2070
1004
1031
1736
1744
1798
1746
2064
1802
1888
2066
2141
1823
2225
1911
2185
2011
1938
2278
2378
2038
2335
2041
1228
1206
1248
2418
2080
2143
2127
2479
2205
2482
2276
2492
2565
2626
2297
2637
2389
2675
2376
2402
2428
2499
2639
1440
2670
2756
2512
2525
2618
2775
2535
2791
2573
2840
1541
2600
2862
2868
2640
2692
1560
2962
2665
3046
2722
3061
2817
2785
3091
3141
2850
1668
2859
3145
2927
3217
3015
3224
1772
3265
3344
2982
2987
3030
3031
3058
3269
3100
3113
3128
3277
3196
3321
3418
3251
3470
3239
3468
3490
3322
1979
3332
3359
3423
3558
2024
2004
3502
3517
3448
3581
2114
3540
3458
3649
3679
