59
84
48
111
207
142
222
291
277
195
367
454
426
245
444
529
580
299
606
620
403
423
625
630
634
716
657
712
717
530
751
805
561
872
888
907
911
614
937
963
969
1033
1078
1089
1158
826
1118
1179
1269
1182
1184
898
919
1277
1292
1303
1374
1023
1388
1421
1415
1138
1488
1560
1571
1626
1620
1718
1781
1739
1210
1820
1907
1900
1973
1325
2033
1342
2045
2065
2102
2129
2141
2219
2144
1473
1490
2178
2241
2289
2260
2358
2445
2423
2514
1639
2611
1619
2586
2616
1677
2654
2633
1691
2701
2796
2732
2750
2784
2805
2816
1857
2877
1851
2977
2932
2975
3054
3072
3105
1931
3165
2036
3152
1984
3227
3251
2072
3262
2102
3345
3272
3363
3388
2227
2171
3372
3389
3463
3445
3531
2319
2329
3583
3567
3644
3707
3704
3707
2488
3721
3772
2446
2502
3826
2580
3812
3873
3917
3950
2594
3987
4001
2620
4089
2647
4101
2730
4123
4154
4254
4168
4190
4203
2739
4254
4261
2857
4258
4302
4323
4384
4444
2905
4458
4484
2933
4532
4613
2928
2933
4541
4600
4656
4737
4720
4745
4837
3083
4807
4885
4929
4916
4923
4977
5010
5064
5137
5076
5128
5193
5259
5248
5299
5389
5327
5407
5436
5436
5456
5450
5536
5592
5575
5633
5638
5675
5774
3508
3601
5760
5764
3655
3715
5791
3694
3748
3847
5873
5833
5886
5976
5889
5893
5939
3842
6033
3946
6122
6125
3914
6158
6131
6136
4008
6212
6311
6291
4024
4083
6349
4088
6433
6419
6477
6479
6577
6590
6640
6719
6733
6791
6805
4361
6853
6869
6944
6896
6900
4320
6994
4400
7016
4493
7052
7123
7146
7231
7200
7226
7274
7368
7332
7413
4614
4587
7479
7494
4630
7540
7555
7585
7610
4782
7648
4800
7681
7766
7771
4838
7794
7838
7865
7937
4875
8010
4986
7992
8048
5013
5102
8142
8131
5024
8183
8244
8232
8276
5106
8349
5196
5132
8313
5163
8334
8379
8474
8396
8443
8483
8544
8485
8549
8609
8586
8677
8754
8679
8764
8767
8846
8903
5485
8900
8990
9078
9022
9087
9160
9157
9251
9263
9324
9333
9350
9387
5710
9370
9404
5719
9420
9471
9561
9497
9583
9654
9646
9666
9698
9690
9735
9806
9792
9807
9849
9872
6085
6086
9881
9908
6106
9962
9983
6171
10075
10012
6211
10060
6219
10091
10103
10147
6284
10195
10184
10215
10305
10265
6358
10300
10301
10365
6377
10417
10384
10419
10437
10509
10573
10513
10600
10638
10618
10704
10738
10737
10823
10826
10892
10898
10992
11058
11016
11073
11085
6805
11156
11211
11243
6851
11291
11256
11346
6965
11404
6945
11379
11402
11458
11547
11461
7112
7090
11529
11627
11670
11691
7165
11723
11789
11801
11795
7234
11796
11867
7303
11945
11939
7407
12013
12077
12103
12177
12200
12217
12254
7506
7478
12340
12270
12298
12337
12402
12487
7619
12456
12471
12499
12540
12515
12600
7718
12621
7806
12647
12726
7785
12659
12667
7838
12689
12750
12769
12766
7881
12816
12845
12871
12950
12914
7993
8021
12976
13076
13026
8115
13092
13142
13112
13127
13197
8206
13271
13289
13319
13377
13401
13410
13414
13492
8329
8364
8415
13586
8457
13580
13582
8469
13654
13674
13720
8458
13782
8483
13803
13817
13824
13904
13921
13983
13964
14038
8709
14129
8680
14133
14174
14229
14273
14304
8839
8800
14401
14381
14449
14478
14531
14556
14587
14637
14641
8967
8974
14738
14681
14705
9092
9134
14769
14842
14770
9148
14814
9238
9215
14886
14943
14889
14938
14961
15032
14970
14993
9321
15020
15026
15126
15160
15140
15232
15303
15328
9561
9558
9589
15406
15373
9662
15467
15547
15486
15566
15630
15613
15690
15714
9736
15744
15793
15794
9779
15819
15830
15869
15899
15974
15973
16052
9862
16111
16100
16111
16152
16133
16186
16206
16269
16363
10048
16276
16354
16365
16399
16373
16437
16470
10179
10202
16468
16526
16611
16560
10308
16576
16618
16718
16663
10397
16704
16740
10393
16833
16815
16830
16888
16922
16940
16953
16976
17054
10566
17051
17114
17138
17208
10646
17233
17233
10696
17244
17236
17303
17357
10773
10742
17319
17339
17403
10919
17502
17489
17547
17604
17645
17685
10981
17720
11090
17738
17815
17910
17873
17939
17996
11216
17974
18049
18131
18081
11297
18155
18231
11404
11396
11444
18177
18210
18274
18334
18288
18347
18354
18368
11544
18463
11585
18413
11613
18430
18511
18571
18537
18588
18623
18662
18736
18758
18847
18769
11796
18776
18860
18943
11925
18881
11896
11984
18975
19075
12060
19048
19116
19147
12030
19200
12066
19205
19219
19254
19257
19292
19338
12165
19385
19363
19413
19495
19439
19538
19555
19575
19618
19675
19736
12405
19773
19774
19839
19934
19925
12456
20006
20048
20013
12547
20020
20075
20108
12508
20103
12569
12590
20111
20172
12602
20156
20158
20183
12698
12760
20274
20282
12859
20341
20285
12852
12934
13020
20383
20436
20393
20396
20476
20568
20530
20594
13007
13103
20607
20691
13177
20755
20750
20831
20852
20850
20887
20960
20950
21006
21035
21075
21130
21157
21161
21250
13244
13190
21321
21300
13314
21340
21349
21376
21453
21453
21510
21536
21561
21566
21666
21575
21582
21657
13493
13533
21704
21750
21748
21844
21888
21866
21906
21943
21992
22057
22060
22137
22126
13812
22219
22241
22267
22334
22268
22365
22420
22426
22495
22452
22540
22586
13999
22622
13940
22682
22633
13948
22709
22754
22741
14113
22799
22841
14107
22895
22965
22983
23024
23026
23059
14273
14296
23050
23093
23133
23186
14325
14355
23236
23198
23298
23315
23373
23464
23439
23496
14438
14510
23537
23559
14530
23605
23624
23683
23655
23738
23810
23786
23869
23927
14630
23939
23993
14686
23950
24007
14747
24018
24034
24108
24058
24105
24182
24191
24258
24277
24277
24349
24334
14920
14908
24355
24402
24434
24452
15008
14991
24531
24535
24606
24695
15058
24648
24675
15197
24746
24767
24796
15208
24851
24804
24869
24884
24892
24946
24971
24992
25048
25064
25102
25120
25174
25267
25242
25295
15454
25379
25338
