66
108
183
195
212
211
269
274
315
362
354
383
429
397
441
437
497
477
559
593
583
619
636
631
669
676
739
813
794
834
913
885
915
970
1034
1004
1065
1096
1085
1102
1147
1132
1253
1246
1223
1252
1315
1292
1286
1351
1373
1444
1498
1506
1456
1538
1492
1614
1586
1610
1655
1699
1711
1715
1755
1771
1775
1802
1848
1826
1916
1895
1933
1965
1967
2071
2068
2041
2074
2124
2123
2161
2175
2246
2234
2268
2274
2278
2324
2385
2411
2462
2402
2472
2536
2570
2585
2605
2613
2557
2634
2586
2586
2647
2607
2629
2668
2691
2681
2706
2791
2800
2790
2876
2863
2862
2867
2916
2923
2996
3037
2981
3084
3089
3133
3076
3102
3177
3172
3211
3249
3220
3282
3278
3325
3334
3326
3388
3337
3405
3402
3401
3428
3450
3484
3516
3500
3549
3631
3587
3613
3646
3715
3739
3770
3772
3797
3820
3796
3893
3904
3916
3967
3888
4011
4003
3935
3984
4037
4035
4088
4113
4176
4166
4223
4194
4231
4306
4256
4279
4283
4361
4390
4384
4485
4457
4460
4544
4504
4584
4555
4591
4603
4625
4674
4755
4761
4835
4815
4830
4852
4855
4876
4889
4952
5013
4974
5023
5067
5078
5090
5117
5158
5150
5190
5224
5233
5229
5294
5309
5275
5345
5340
5367
5459
5477
5421
5512
5454
5556
5541
5637
5659
5635
5658
5654
5758
5792
5800
5772
5828
5825
5887
5896
5911
5950
5996
6066
6065
6032
6083
6098
6136
6190
6152
6128
6238
6245
6217
6295
6286
6352
6354
6347
6464
6430
6517
6538
6540
6570
6653
6632
6702
6706
6686
6693
6763
6821
6782
6873
6920
6937
6869
6948
6929
7001
6993
7067
7092
7081
7073
7123
7181
7197
7186
7215
7209
7235
7343
7325
7398
7410
7403
7495
7452
7542
7549
7570
7649
7630
7619
7680
7689
7693
7708
7730
7753
7756
7795
7866
7897
7929
7892
8002
8006
8030
8009
8023
8038
8166
8173
8220
8237
8229
8225
8258
8289
8260
8269
8373
8321
8400
8404
8402
8476
8501
8439
8491
8554
8577
8568
8637
8657
8665
8639
8653
8726
8690
8812
8844
8775
8785
8868
8908
8864
8903
8983
9030
9056
9074
9074
9143
9133
9131
9199
9139
9172
9238
9209
9268
9259
9228
9276
9315
9338
9328
9345
9416
9470
9397
9487
9546
9483
9566
9575
9558
9622
9646
9628
9703
9734
9778
9710
9827
9802
9864
9866
9920
9948
10049
10068
10077
10015
10064
10074
10104
10135
10126
10199
10229
10239
10256
10343
10315
10322
10377
10464
10445
10478
10492
10567
10608
10660
10699
10693
10784
10794
10735
10822
10878
10879
10874
10851
10839
10876
10964
10945
11012
11026
11022
11031
11117
11081
11128
11155
11151
11151
11250
11201
11316
11263
11274
11402
11452
11421
11439
11545
11500
11530
11605
11634
11604
11729
11778
11777
11712
11712
11786
11826
11804
11763
11887
11825
11884
11911
11903
12008
12044
12044
12127
12115
12122
12184
12225
12249
12300
12310
12322
12395
12417
12435
12466
12528
12481
12614
12556
12612
12623
12670
12676
12758
12799
12744
12795
12815
12836
12843
12925
12903
12880
12979
12974
12965
12970
13004
13083
13061
13100
13122
13158
13143
13165
13228
13187
13248
13283
13305
13345
13369
13337
13329
13349
13461
13489
13469
13524
13553
13637
13656
13598
13677
13666
13798
13783
13844
13867
13903
13885
13938
13942
13940
13952
14049
14026
14069
14123
14146
14203
14157
14237
14191
14245
14290
14251
14247
14320
14286
14336
14328
14399
14421
14514
14489
14528
14543
14525
14561
14551
14617
14658
14622
14639
14659
14699
14786
14829
14807
14848
14890
14819
14926
14901
14944
15003
15018
15046
15044
15084
15082
15140
15121
15240
15171
15206
15266
15314
15301
15375
15316
15339
15400
15479
15427
15485
15527
15475
15552
15495
15560
15531
15645
15669
15616
15711
15756
15778
15803
15727
15750
15798
15855
15834
15862
15893
15941
15919
15953
15925
15998
16010
16066
16007
16036
16124
16095
16125
16159
16149
16231
16190
16211
16249
16349
16387
16362
16418
16465
16404
16476
16455
16493
16479
16554
16593
16607
16568
16599
16693
16635
16725
16698
16659
16707
16760
16807
16859
16804
16832
16910
16922
16883
16962
16960
16976
17056
17037
17057
17033
17089
17075
17158
17174
17155
17157
17250
17261
17225
17258
