29
22
107
116
69
97
84
86
76
89
60
133
133
147
69
99
113
121
141
153
172
159
182
186
151
189
182
132
145
179
173
179
185
159
218
234
230
243
191
209
166
244
231
212
182
260
238
202
206
219
206
256
307
311
282
324
256
317
329
295
319
358
414
412
310
385
347
265
272
346
303
326
354
354
327
373
362
305
325
355
387
372
370
358
381
377
372
363
406
374
474
419
456
459
425
384
404
478
422
465
432
469
480
441
492
423
496
498
522
497
505
433
495
508
439
474
529
548
548
531
609
548
518
475
485
478
481
504
544
516
531
557
554
517
592
593
552
521
607
534
543
596
574
597
545
565
615
590
640
565
615
568
609
593
670
633
639
624
691
688
681
613
685
610
701
676
638
664
662
713
723
680
642
730
708
655
655
660
693
723
699
672
708
750
743
741
775
693
734
806
742
781
808
748
713
788
778
801
765
781
754
746
808
806
770
788
767
764
831
808
798
784
841
840
817
868
842
825
884
804
882
890
870
820
866
918
885
876
922
914
947
875
902
938
936
888
874
919
941
976
932
924
961
897
951
987
953
933
949
944
963
1026
942
1024
996
982
967
953
986
984
959
1044
1041
983
1007
981
1017
1070
1000
980
1077
1031
1017
1036
1062
1025
1027
1023
1029
1022
1113
1102
1039
1067
1050
1087
1080
1058
1053
1116
1116
1081
1088
1155
1122
1126
1125
1132
1126
1157
1141
1168
1172
1179
1212
1180
1149
1225
1147
1155
1236
1189
1208
1174
1201
1185
1159
1169
1232
1202
1227
1208
1249
1265
1238
1256
1229
1234
1244
1212
1285
1283
1214
1292
1237
1332
1238
1225
1220
1297
1256
1265
1282
1279
1275
1278
1253
1335
1269
1260
1261
1301
1312
1325
1340
1297
1332
1363
1377
1349
1345
1306
1310
1329
1350
1385
1352
1389
1360
1327
1326
1364
1420
1371
1417
1379
1395
1353
1409
1422
1362
1363
1445
1451
1373
1374
1410
1441
1400
1453
1445
1443
1443
1466
1470
1504
1493
1451
1519
1478
1497
1502
1449
1450
1571
1477
1510
1550
1548
1546
1471
1527
1556
1530
1509
1572
1544
1604
1545
1502
1607
1638
1591
1563
1579
1602
1615
1616
1551
1586
1593
1564
1578
1667
1622
1632
1594
1619
1701
1654
1663
1662
1633
1610
1641
1769
1659
1699
1689
1682
1706
1694
1696
1655
1738
1703
1657
1735
1770
1761
1756
1755
1671
1687
1733
1757
1697
1703
1781
1747
1704
1776
1792
1782
1718
1800
1720
1798
1778
1821
1795
1742
