65
82
97
108
175
155
218
227
271
383
356
395
404
427
424
459
472
574
584
562
577
588
642
667
739
761
804
784
841
803
833
835
876
925
998
1000
1033
1017
1112
1068
1101
1216
1187
1288
1241
1292
1397
1413
1404
1460
1438
1466
1478
1586
1634
1654
1643
1639
1650
1725
1702
1710
1761
1819
1804
1838
1887
1871
1961
1976
1939
1996
2066
2058
2050
2118
2134
2109
2206
2257
2212
2244
2226
2285
2293
2326
2413
2441
2463
2517
2495
2554
2582
2544
2618
2661
2605
2660
2702
2741
2743
2737
2819
2838
2899
2836
2916
2949
2912
2940
3022
2993
3027
3034
3137
3123
3134
3219
3261
3281
3218
3226
3343
3311
3367
3376
3382
3418
3447
3500
3512
3506
3573
3580
3672
3662
3723
3708
3781
3770
3854
3864
3872
3947
3865
3974
4000
4062
4055
4072
4125
4153
4148
4152
4164
4266
4329
4359
4330
4389
4402
4442
4487
4530
4525
4570
4553
4558
4661
4651
4730
4694
4702
4784
4730
4823
4760
4811
4779
4870
4891
4944
4959
5009
5006
5042
5057
5044
5090
5156
5162
5143
5200
5199
5235
5189
5238
5267
5257
5339
5343
5355
5378
5466
5442
5433
5526
5574
5541
5602
5608
5556
5591
5635
5732
5757
5781
5752
5850
5835
5860
5900
5933
5934
5917
5948
5972
6000
6053
6031
6056
6037
6126
6178
6151
6175
6200
6304
6331
6386
6438
6429
6465
6504
6497
6438
6559
6546
6546
6637
6600
6624
6638
6692
6731
6647
6696
6766
6814
6823
6851
6849
6920
6916
6916
6985
7067
7108
7102
7136
7162
7163
7172
7155
7211
7252
7226
7222
7299
7260
7278
7311
7417
7408
7402
7458
7463
7481
7588
7589
7570
7634
7601
7641
7665
7696
7713
7762
7830
7858
7824
7853
7860
7927
7921
8010
7986
8006
8042
8078
8117
8114
