21
84
123
84
110
121
67
122
189
212
212
239
278
265
218
360
219
374
301
451
383
502
252
379
429
451
327
546
605
453
561
483
531
350
625
379
620
611
709
645
702
763
840
661
686
837
435
747
899
719
973
818
907
452
885
993
559
966
1014
1020
997
1006
1076
1030
597
1100
1109
1080
1183
1096
1203
691
1190
1139
1265
1211
1296
649
1175
1188
1205
1247
1276
1354
1314
1320
1367
1346
1459
1440
1453
1536
1454
1529
829
1538
1592
838
1581
1607
862
1642
1706
1689
1637
955
1714
1706
1646
1727
1664
949
1794
1739
1734
1753
1831
1828
1897
1869
1882
1913
1892
1918
1091
1954
1965
1162
1080
1955
1997
1112
1982
2021
2082
2060
1150
1160
2011
2177
2073
2148
2167
1200
2169
2206
2208
1270
2257
2179
2245
2219
1324
2253
1321
2250
1359
2320
1407
2344
2331
2407
2270
2273
2470
2303
2471
1491
1516
2386
2564
2533
2608
2343
2616
2416
2630
2439
1560
2671
2456
2632
2556
2526
1556
2671
2549
2730
2686
2733
2561
1652
2637
2651
2676
1674
2656
2693
1778
1758
2735
2799
2877
2809
2890
2773
2917
2754
2923
2767
1806
2996
2768
2970
2833
3025
1929
2848
1940
3090
1917
2834
2902
3125
2909
3197
1928
2970
3045
3008
3133
3206
2021
3251
3044
3082
3229
3131
3267
3112
3355
3207
3308
3251
2117
3306
3309
3361
3429
3428
3364
2189
3446
3523
3393
3456
3508
2203
3466
3522
3561
3580
3571
3645
3670
3636
3655
3710
3808
3720
3751
3809
3850
3677
2386
3738
3751
3820
3740
3887
3790
3919
3838
3935
3871
3952
3914
3981
4073
4027
2476
3922
2508
3980
3992
4030
4065
4106
4030
4119
4190
4222
2621
4275
4125
4225
4200
4249
4336
4321
4281
4312
4314
4351
2782
4393
2750
4426
4442
4384
2810
4468
4416
4450
2816
4482
4498
4557
2824
4499
4527
4578
4517
4657
2937
4711
4724
4807
4604
4612
4745
4825
4644
4738
4676
4920
3009
4730
4890
4929
4819
4985
3019
4963
4823
4990
4857
4872
4863
5088
5058
4944
5085
5130
3178
5214
4972
5142
5184
4965
4996
5012
3234
5006
5222
5060
5251
5129
5289
3265
5084
5105
5316
5146
3311
5376
3374
5154
5178
5390
3334
3369
5267
5392
3404
5185
5484
5284
5450
5363
5472
3453
5377
5378
5427
5533
5557
3517
3563
3581
3568
5618
5525
3663
5471
5644
5715
3598
5494
5528
5728
5627
5798
5610
5806
5826
5893
5676
5875
3725
3696
5703
5765
3811
3789
5882
3799
5846
5805
3859
5821
5978
5890
5933
5924
6040
3835
6025
6058
6060
5944
6097
6029
6101
5966
6128
5989
6063
3898
6226
6212
6082
6064
3962
3960
6240
6246
6139
4034
6266
6227
6315
6219
6314
6311
6395
6489
6319
6491
6334
6509
6376
6574
6403
6578
4168
6617
6634
6488
6429
6475
4186
6660
6544
6670
6640
6722
6786
6773
6584
6616
4278
6857
6635
6694
6742
6955
6883
6944
6997
6757
7014
6804
4399
7093
6769
7114
6862
7131
6929
6919
6931
7020
7200
7170
6953
7173
6960
7181
4479
7054
7203
7124
7204
7134
7140
7158
4580
7211
4588
7182
4620
4561
7242
7252
7306
7370
7320
4692
7252
7330
7378
4722
7353
7464
7364
7431
7402
7441
7423
7455
7467
7534
4805
7553
7494
7482
7572
7509
7610
7513
7656
7591
7720
7642
4894
7689
7700
7786
7629
7826
7659
7846
7735
7723
5003
5005
7922
7903
5090
7938
7778
7940
7870
5073
7974
8024
7848
7998
5106
7882
8093
8134
7918
8098
5158
5225
7919
7962
8103
7974
8121
8221
8234
8030
8236
8003
5294
8023
8026
8307
8049
8242
8143
8331
8125
5325
5397
8409
8142
8366
8232
8463
8313
8475
8284
8477
8323
8556
8363
8419
5461
8552
8647
8462
8428
8734
5472
8450
8726
8499
8742
8825
8530
8772
5574
8502
8804
8548
5580
8836
8615
8909
8580
8916
8665
8975
8748
8749
9013
8788
5740
9066
8764
9050
8814
9060
8843
9137
9228
9161
8877
8938
8962
9189
9062
9282
9008
9350
9297
9321
9065
9121
5860
5826
9118
9391
9124
5853
9416
9200
9139
9149
9453
9519
9488
9499
9194
6028
9525
9531
9600
9648
9225
6011
9243
9608
9325
6054
9707
9403
9370
9737
9421
9791
9799
9433
9807
9425
9474
9526
9897
9481
9485
9907
6169
10007
9492
9954
6264
6260
9521
6282
9555
9585
10010
9593
9594
9641
6378
6326
10020
10070
9711
10133
6358
6409
10170
10213
9658
9717
9815
10237
10332
10254
9775
10288
10307
9821
10329
10408
9845
9836
9910
10454
9921
10447
10462
10527
9951
9989
10534
10024
10123
10626
10601
10039
10133
10163
10647
10149
10666
10670
10748
10229
10321
6749
6810
10276
10730
10774
6880
10845
6858
6817
10366
10837
10420
6912
10865
10381
10460
6918
10890
10884
10925
11025
10464
10995
10558
11059
11129
10573
11073
10559
10605
10670
11169
10680
11226
11173
11232
7116
10721
11259
10770
11316
10843
7166
10790
10804
7210
7210
11388
11350
7240
10880
10927
10900
10954
11022
7296
11425
11036
11471
11510
7322
11055
11556
7311
11134
11154
11178
11576
11672
7418
11643
11263
7460
11180
11224
11689
11740
7554
11258
11343
11409
11738
7594
11366
11438
11498
11838
11471
11857
11480
11936
11959
11998
7633
11555
11649
11615
12030
11683
12009
11731
11705
12099
12169
11764
7680
7718
