28
107
164
207
239
257
109
292
317
328
349
167
365
427
229
475
458
538
585
633
646
692
785
705
251
320
749
768
853
868
933
990
985
1036
367
1094
386
1087
409
1126
1216
1206
1299
1313
1337
1364
474
1375
1417
1396
1415
1469
1550
1499
1560
1638
1612
1670
1721
1687
1726
1757
1788
1813
1861
1876
1958
1960
2017
2076
2108
2199
2176
2212
2304
2229
594
2306
675
2338
2398
2411
2423
2438
774
2443
2473
2514
2519
2579
2677
2620
2647
2686
2748
2718
2723
2764
2838
2796
818
2873
2896
2877
2929
3019
2950
2990
3069
834
3119
3135
855
3185
3219
3266
3266
3322
874
3294
3345
3396
3441
3469
3510
3572
3526
3554
3590
939
3628
3620
3666
3752
3756
3850
3853
3916
3952
3985
4023
4082
1059
4114
4212
4149
4154
4157
4233
1051
4267
4267
4318
4357
4438
4429
4439
1128
4451
4503
4586
4573
4604
4642
4627
4641
4673
4739
4707
4773
4864
4850
4887
4964
4899
4914
4935
5007
5107
5026
1313
5035
5095
1284
5104
5120
5134
1344
5134
5151
5207
5215
5283
5358
5340
5427
1404
5463
5443
1384
5526
1412
5556
5527
5546
5603
5688
5640
5671
5693
5774
5714
5800
5900
5832
5877
5916
1534
5959
5928
5959
6015
6026
1586
6103
6087
6103
1655
6138
1629
6128
6157
6174
6205
1720
6236
6251
6322
6280
6283
6360
1807
6421
6414
6458
6476
6474
6500
6564
6591
6674
6596
6657
6690
6750
6753
6788
1809
6840
1857
6906
6876
6973
6992
6997
7019
7086
7109
7105
7145
7172
7233
7302
7268
7367
7446
1954
7449
7490
7496
7539
7504
7549
1937
7578
7590
2017
7621
7614
7704
7768
7734
7784
2010
7791
2066
7846
7867
7942
8042
8022
8032
8129
8197
8185
8242
8291
8326
8331
8334
8339
8349
8387
2167
2189
8423
8507
8507
8580
8569
8618
8619
8625
8634
8661
8676
8723
8815
8760
8819
2370
8849
8901
8989
8975
8998
9057
9091
9123
9152
9208
9160
9244
9302
9290
9338
9368
9347
9399
9412
9444
2424
9468
9535
9635
9631
9637
9684
9727
9802
9771
9854
9870
9856
9908
10002
2544
9982
10024
10066
10121
2578
10190
10125
10158
10162
2649
2628
2681
10241
10337
10256
10321
10345
10346
10416
10485
10483
2749
10501
10552
10568
10577
10649
10682
2789
2843
10661
2861
10691
10695
10738
10818
2910
10752
10757
10769
10822
10915
10893
10943
11040
11003
2938
11102
11118
11159
11219
11198
11297
11366
3003
2984
11366
3037
3099
11434
11380
11423
11497
11512
11585
11609
11682
3124
11741
11722
11765
11850
3139
3156
11858
11864
11930
11971
11990
12007
12004
12046
3218
12104
12082
12139
3176
3189
12190
12202
12279
12266
12275
12349
12391
12422
12510
3306
12461
12556
12620
3296
12611
12710
3382
12742
12792
12808
12861
12899
12893
3474
3438
12909
12982
3475
3524
12975
13058
13092
3561
3604
13076
13094
13136
3631
13194
13269
13245
13330
3667
13396
13403
13468
13450
13526
13564
13625
13676
13725
13773
13745
3675
3713
3721
13787
13869
13870
13937
13875
3806
13893
13949
14020
14023
3746
14024
14109
14161
14137
14226
14233
3826
14297
14385
14350
14388
14438
14479
14508
14494
14542
14614
14586
14678
14685
14758
14776
3920
14761
14813
14895
3855
14816
14861
14918
15005
3949
4022
14954
15013
15057
15066
15087
15114
15150
3955
15153
4032
15215
15161
15247
15263
4091
4115
15304
15361
15380
15446
15461
15517
15473
15553
15573
15586
15593
15610
15637
15669
15748
15763
15847
4131
15792
15863
15881
15961
16027
16036
4176
16130
16092
16182
16213
16275
16298
16276
16338
16345
16391
16392
16470
16473
16547
16574
16569
4359
16657
16743
16704
16740
16793
16892
16843
16881
4397
16945
17030
16955
17036
17045
17043
17106
17205
4421
17186
17205
17242
17210
17216
17247
17290
17277
17341
4593
17412
17395
4543
4623
17465
17468
17477
17566
17528
17611
17695
17673
17689
4717
17716
17746
4631
17768
17848
17796
17865
17953
17935
18006
18042
18007
18049
18111
18118
4794
4746
18154
18135
4796
18232
18330
18271
4889
18329
18415
18465
18460
18526
18563
18545
18578
4869
4881
18611
18627
18727
18714
18748
18806
4956
18761
5029
18797
18857
18896
18946
19026
19016
19068
19117
19084
19108
19163
19246
19192
19234
19259
19349
19262
19324
19381
19403
19465
19559
19509
19519
19613
5162
19618
19710
19768
19719
19818
19862
19892
19992
19912
19965
5200
19995
20019
20053
20108
5228
20120
20201
20135
20226
20273
20247
20313
20406
20405
20487
20562
20530
20553
20643
20655
20713
20765
20805
20881
5408
20897
20924
20905
20985
21006
21020
21095
21100
21126
21118
21180
21227
21256
5498
21312
5465
21286
21294
21298
21330
5488
5536
21394
21364
21436
21535
21503
21526
21568
21580
21651
21748
21706
21779
21852
5675
21872
21920
21874
21912
22011
5689
5781
22038
5766
22046
22145
22126
5832
5841
22189
22240
5841
5935
22227
22287
5844
22351
22365
22446
22377
22421
22422
5908
22476
22506
22486
22561
22566
22576
22604
22617
22717
6007
22646
6070
22734
22747
22794
22797
22893
22986
22986
22999
6018
22991
23014
23089
23083
23165
23193
23209
23256
23224
23274
23278
23295
23392
23357
6060
23411
23511
23433
23474
23538
6100
23580
23604
23629
23646
23651
23663
6146
23745
23700
23791
23859
23831
23917
23937
23918
23921
23964
24043
23967
24008
24052
24151
24083
24099
24106
6271
24127
24191
24287
24230
24315
24373
24391
24491
24420
24500
24569
24526
24543
6348
24641
24644
6389
24676
24707
24689
24696
6483
24779
24803
24809
