45
139
122
82
160
168
164
167
219
144
255
213
234
282
336
260
276
335
334
376
380
453
477
454
476
480
522
537
606
583
598
663
709
664
730
752
665
780
723
810
820
836
810
795
837
876
859
885
998
967
953
1021
1000
1026
1099
1031
1084
1151
1105
1092
1148
1134
1140
1225
1224
1217
1212
1285
1286
1307
1296
1286
1325
1371
1339
1400
1394
1441
1458
1442
1422
1453
1441
1475
1564
1587
1614
1614
1616
1570
1639
1688
1673
1651
1641
1661
1666
1687
1814
1773
1855
1833
1844
1828
1909
1898
1869
1884
1928
1969
1970
1932
1969
1955
2041
1971
2039
2067
2082
2092
2142
2168
2135
2182
2190
2233
2245
2263
2283
2289
2241
2312
