36
81
81
18
11
89
109
85
110
106
72
88
63
111
21
23
36
71
63
60
72
113
126
77
88
39
115
141
124
134
95
128
115
139
215
108
116
112
85
164
148
167
94
140
126
116
177
179
173
159
131
162
122
123
168
150
197
166
128
195
138
171
246
159
194
205
159
217
143
183
167
193
193
173
174
215
212
197
157
278
312
248
190
136
169
223
247
194
289
189
302
294
307
248
371
251
330
180
239
225
285
346
214
234
234
171
199
343
431
243
245
284
274
278
194
213
297
302
205
306
360
341
377
313
330
253
314
223
379
425
334
387
324
298
261
329
264
321
301
351
229
388
422
298
406
316
405
443
481
370
462
436
413
334
482
364
404
447
336
440
481
401
269
258
479
485
467
314
344
432
452
497
441
530
543
431
409
489
514
291
491
498
480
433
462
344
482
477
538
551
593
550
544
491
311
516
346
485
518
628
535
694
514
484
587
486
539
605
632
562
572
605
663
497
582
648
613
605
551
603
626
667
378
530
639
597
691
546
363
636
687
376
677
653
404
629
642
627
742
461
611
614
673
398
626
685
616
681
724
711
472
695
699
687
711
771
657
467
759
752
696
725
679
671
672
746
810
790
844
468
760
765
788
714
666
812
727
500
784
788
797
871
502
873
684
693
654
533
751
689
785
740
849
806
779
527
835
913
875
768
691
524
465
801
794
892
842
844
810
807
540
805
941
516
953
857
939
789
786
843
545
833
901
1004
864
543
542
590
896
922
876
848
910
555
520
747
868
858
590
763
926
608
962
1012
781
1030
890
948
983
955
921
1003
916
1007
553
561
970
928
1101
932
653
992
1059
949
974
984
998
643
989
662
1005
620
1042
785
633
807
946
839
1157
667
970
1034
598
655
1055
960
1066
635
1020
1065
998
1041
1062
881
1167
1050
1016
1047
620
1090
925
1116
1098
665
621
1042
658
1137
1026
1085
660
1158
1156
1140
1161
1098
961
1100
1148
1178
