50
-4256 -4690
-4280 -4700
-4448 -4770
-4424 -4760
-4472 -4780
-3920 -4550
-4520 -4800
-3848 -4520
-4304 -4710
-4616 -4840
-4832 -4930
-4808 -4920
-4352 -4730
-3968 -4570
-4880 -4950
-4376 -4740
-4160 -4650
-4184 -4660
-5000 -5000
-4904 -4960
-4664 -4860
-4208 -4670
-4040 -4600
-4328 -4720
-4640 -4850
-4976 -4990
-4712 -4880
-3872 -4530
-3944 -4560
-4088 -4620
-4016 -4590
-4496 -4790
-4544 -4810
-4400 -4750
-4232 -4680
-4136 -4640
-4760 -4900
-4784 -4910
-3992 -4580
-3896 -4540
-4928 -4970
-3824 -4510
-4568 -4820
-4112 -4630
-4592 -4830
-4856 -4940
-4688 -4870
-4736 -4890
-4064 -4610
-4952 -4980
