200
-4838 -4950
-4928 -4850
-4928 -4940
-4838 -4840
-4982 -4880
-5000 -4840
-4964 -4960
-4910 -4850
-4946 -4900
-4856 -4990
-4910 -4890
-4982 -4920
-4928 -4820
-4928 -4880
-5000 -4960
-4874 -4850
-4874 -4930
-4856 -4850
-4856 -4860
-4928 -4870
-4964 -4920
-4946 -4940
-4928 -4910
-4928 -4950
-5000 -4810
-5000 -4940
-4928 -4970
-4856 -4930
-4910 -4900
-4946 -4910
-4910 -4870
-4910 -4830
-4928 -4980
-4892 -4860
-5000 -4930
-5000 -5000
-4982 -4900
-4982 -4940
-4928 -4900
-4910 -4920
-4946 -4870
-4856 -4810
-4982 -4820
-4946 -4920
-5000 -4920
-4910 -4990
-4946 -4810
-4946 -4850
-4856 -4920
-4838 -4910
-4856 -4830
-4910 -4970
-4982 -4870
-4910 -4840
-4892 -5000
-4982 -4860
-5000 -4850
-4892 -4950
-4946 -5000
-5000 -4880
-4946 -4970
-4946 -4840
-4892 -4970
-4964 -4840
-4838 -4810
-4892 -4820
-5000 -4910
-4982 -4970
-4874 -4860
-4964 -4880
-4838 -4870
-4874 -5000
-4982 -4830
-4856 -4840
-4928 -4890
-4874 -4830
-5000 -4900
-4964 -4890
-4928 -4830
-4856 -4950
-4838 -4980
-4964 -4850
-4892 -4940
-4946 -4930
-4982 -4960
-4874 -4980
-5000 -4860
-4874 -4810
-4856 -4880
-4892 -4900
-4910 -4860
-4856 -4900
-4964 -4860
-4946 -4820
-4928 -5000
-4964 -4910
-4874 -4880
-4838 -4970
-4928 -4810
-4874 -4890
-4964 -4810
-4982 -4990
-5000 -4980
-4856 -4820
-4838 -4930
-4982 -4980
-4946 -4980
-4946 -4830
-4928 -4840
-4874 -4820
-4982 -4930
-4874 -4940
-4982 -4890
-4856 -5000
-4910 -4910
-4910 -4940
-4892 -4960
-4892 -4840
-4874 -4960
-4946 -4890
-4838 -4990
-4946 -4990
-4946 -4960
-4874 -4970
-4838 -4850
-5000 -4870
-5000 -4990
-4982 -4850
-4964 -4820
-4874 -4840
-4910 -5000
-4874 -4910
-4982 -5000
-4928 -4930
-5000 -4830
-4838 -4920
-4838 -4880
-4892 -4980
-4910 -4930
-5000 -4950
-4910 -4810
-4928 -4990
-4856 -4940
-4874 -4900
-4838 -4860
-4946 -4860
-4964 -4930
-5000 -4820
-4856 -4970
-4910 -4950
-4838 -4830
-4892 -4910
-4838 -4900
-4964 -4990
-4856 -4890
-4910 -4880
-4892 -4830
-4856 -4960
-4838 -5000
-4982 -4910
-4856 -4980
-4910 -4980
-4838 -4940
-4982 -4950
-4946 -4880
-4874 -4950
-4964 -4980
-4892 -4920
-4874 -4990
-4964 -5000
-4964 -4940
-4874 -4920
-4892 -4990
-4856 -4870
-5000 -4970
-4910 -4960
-4838 -4820
-4964 -4870
-5000 -4890
-4910 -4820
-4838 -4890
-4892 -4880
-4928 -4920
-4892 -4930
-4928 -4960
-4982 -4810
-4964 -4950
-4892 -4850
-4838 -4960
-4964 -4830
-4856 -4910
-4928 -4860
-4982 -4840
-4892 -4810
-4892 -4870
-4874 -4870
-4892 -4890
-4964 -4900
-4964 -4970
-4946 -4950
