200
-4847 -4928
-4643 -4928
-4847 -4904
-4694 -4928
-4711 -5000
-4762 -4952
-4728 -4952
-4609 -5000
-4490 -4904
-4932 -5000
-5000 -5000
-4966 -4928
-4456 -4928
-4541 -4976
-4490 -4976
-4371 -4952
-4609 -4928
-4660 -4976
-5000 -4904
-4456 -4904
-4575 -4928
-4592 -4976
-4592 -4904
-4813 -4976
-4337 -4952
-4405 -4928
-4354 -4904
-4558 -4928
-4354 -4976
-4388 -5000
-4541 -4928
-4558 -4904
-4626 -4976
-4728 -4904
-4558 -4952
-4507 -5000
-4473 -4928
-4745 -4952
-4830 -4952
-4830 -5000
-4813 -4928
-4796 -5000
-4915 -5000
-4660 -4952
-4864 -4952
-4575 -4904
-4371 -4904
-4779 -4976
-4388 -4976
-5000 -4928
-4881 -4928
-4456 -5000
-4456 -4976
-4660 -4928
-4677 -4952
-4558 -4976
-4915 -4976
-4422 -4904
-4439 -4952
-4796 -4928
-4354 -4952
-4337 -4928
-4439 -5000
-4949 -4976
-4983 -4976
-4694 -4904
-4643 -5000
-4847 -5000
-4983 -4904
-4541 -4904
-4524 -4976
-4745 -4904
-4541 -5000
-4592 -4952
-4779 -4928
-4830 -4976
-4337 -5000
-5000 -4976
-4813 -4904
-4660 -5000
-4830 -4904
-4643 -4952
-4711 -4976
-4813 -5000
-4711 -4928
-4864 -4928
-4762 -5000
-4915 -4904
-4388 -4952
-4524 -5000
-4677 -4904
-4949 -4928
-5000 -4952
-4473 -4976
-4422 -5000
-4609 -4976
-4490 -4952
-4796 -4904
-4847 -4976
-4524 -4952
-4762 -4928
-4422 -4952
-4507 -4976
-4915 -4952
-4337 -4976
-4371 -4928
-4983 -4952
-4609 -4952
-4405 -4904
-4694 -4952
-4898 -4928
-4626 -4952
-4507 -4928
-4779 -4904
-4456 -4952
-4524 -4904
-4473 -5000
-4779 -5000
-4745 -4928
-4626 -4904
-4745 -4976
-4405 -5000
-4711 -4952
-4422 -4976
-4405 -4976
-4422 -4928
-4949 -4904
-4439 -4976
-4643 -4976
-4558 -5000
-4983 -4928
-4881 -4952
-4915 -4928
-4677 -4976
-4796 -4976
-4677 -5000
-4575 -5000
-4643 -4904
-4949 -4952
-4796 -4952
-4830 -4928
-4354 -5000
-4932 -4904
-4677 -4928
-4881 -4976
-4473 -4952
-4694 -4976
-4762 -4976
-4966 -4904
-4609 -4904
-4388 -4928
-4898 -5000
-4371 -4976
-4864 -5000
-4932 -4976
-4439 -4904
-4983 -5000
-4694 -5000
-4932 -4952
-4388 -4904
-4507 -4952
-4881 -4904
-4592 -4928
-4626 -4928
-4966 -4952
-4864 -4976
-4541 -4952
-4337 -4904
-4779 -4952
-4966 -5000
-4949 -5000
-4881 -5000
-4490 -5000
-4966 -4976
-4762 -4904
-4626 -5000
-4745 -5000
-4524 -4928
-4575 -4952
-4847 -4952
-4660 -4904
-4592 -5000
-4439 -4928
-4728 -5000
-4898 -4976
-4898 -4952
-4864 -4904
-4473 -4904
-4575 -4976
-4813 -4952
-4490 -4928
-4507 -4904
-4354 -4928
-4898 -4904
-4371 -5000
-4405 -4952
-4711 -4904
-4728 -4976
-4728 -4928
-4932 -4928
