140
-4160 -5000
-4440 -5000
-5000 -5000
-4482 -4998
-4258 -4998
-4202 -4998
-4692 -5000
-4090 -4998
-4118 -5000
-4790 -5000
-4062 -4998
-4230 -4998
-4818 -4998
-4426 -5000
-4300 -4998
-4734 -5000
-4594 -5000
-4286 -5000
-4230 -5000
-4958 -5000
-4874 -4998
-4972 -5000
-4944 -5000
-4104 -4998
-4720 -5000
-4846 -5000
-4566 -4998
-4314 -5000
-4076 -5000
-4944 -4998
-4790 -4998
-4678 -5000
-4650 -4998
-4860 -4998
-4566 -5000
-4468 -5000
-4930 -5000
-4510 -4998
-4384 -5000
-4580 -5000
-4748 -5000
-4958 -4998
-4188 -4998
-4552 -4998
-4454 -4998
-4496 -4998
-4874 -5000
-4272 -4998
-4832 -4998
-4608 -4998
-4804 -5000
-4090 -5000
-4062 -5000
-4258 -5000
-4916 -5000
-4720 -4998
-4930 -4998
-4706 -5000
-4538 -4998
-4552 -5000
-4412 -5000
-4398 -5000
-4118 -4998
-4734 -4998
-4132 -5000
-4286 -4998
-4524 -5000
-4314 -4998
-4748 -4998
-4356 -5000
-4104 -5000
-4146 -5000
-4846 -4998
-4622 -5000
-4650 -5000
-4762 -4998
-4300 -5000
-4384 -4998
-4244 -4998
-4776 -4998
-4902 -4998
-4454 -5000
-4580 -4998
-4818 -5000
-4986 -5000
-4034 -4998
-4496 -5000
-4188 -5000
-4636 -4998
-4804 -4998
-4202 -5000
-4034 -5000
-4762 -5000
-4160 -4998
-4076 -4998
-4706 -4998
-4664 -5000
-4832 -5000
-4636 -5000
-4328 -5000
-4692 -4998
-4986 -4998
-4132 -4998
-4524 -4998
-4370 -4998
-4328 -4998
-4370 -5000
-4916 -4998
-4888 -4998
-4902 -5000
-4342 -4998
-4888 -5000
-4174 -4998
-4244 -5000
-4776 -5000
-4146 -4998
-4860 -5000
-4664 -4998
-4398 -4998
-4510 -5000
-4272 -5000
-4048 -4998
-5000 -4998
-4972 -4998
-4440 -4998
-4216 -5000
-4216 -4998
-4622 -4998
-4538 -5000
-4678 -4998
-4174 -5000
-4412 -4998
-4426 -4998
-4342 -5000
-4482 -5000
-4594 -4998
-4356 -4998
-4468 -4998
-4608 -5000
-4048 -5000
