200
-4496 -5000
-4776 -5000
-4720 -5000
-4912 -4985
-4232 -4985
-4784 -4985
-4312 -5000
-4256 -4985
-4656 -4985
-4208 -5000
-4664 -5000
-4408 -5000
-4616 -4985
-4512 -5000
-4560 -4985
-4888 -5000
-4768 -4985
-4432 -5000
-4464 -4985
-4224 -4985
-4968 -5000
-4960 -4985
-4280 -4985
-4448 -4985
-4456 -4985
-4520 -5000
-4576 -5000
-4688 -5000
-4840 -4985
-4368 -4985
-4544 -5000
-4216 -5000
-4232 -5000
-4816 -4985
-4328 -4985
-4336 -4985
-4544 -4985
-4720 -4985
-4696 -4985
-4296 -5000
-4304 -5000
-4296 -4985
-4256 -5000
-4376 -4985
-4248 -5000
-4736 -5000
-4504 -4985
-4784 -5000
-4656 -5000
-4680 -5000
-4312 -4985
-4552 -5000
-4416 -4985
-4624 -4985
-4992 -4985
-4848 -4985
-4912 -5000
-4368 -5000
-4944 -5000
-4472 -4985
-4664 -4985
-4304 -4985
-4928 -5000
-4952 -5000
-4808 -5000
-4816 -5000
-4928 -4985
-4944 -4985
-4264 -5000
-4712 -4985
-4320 -4985
-4728 -5000
-4984 -4985
-4704 -5000
-4400 -5000
-4728 -4985
-4824 -5000
-4536 -5000
-4480 -5000
-4832 -5000
-4352 -4985
-4352 -5000
-4568 -5000
-4592 -5000
-4648 -5000
-4688 -4985
-4744 -5000
-4600 -4985
-4632 -4985
-4872 -5000
-4608 -4985
-4488 -4985
-4624 -5000
-4216 -4985
-4456 -5000
-4400 -4985
-4208 -4985
-4432 -4985
-4496 -4985
-4568 -4985
-4288 -5000
-4536 -4985
-4752 -5000
-4632 -5000
-4344 -4985
-4760 -5000
-4880 -4985
-4936 -4985
-4848 -5000
-4856 -4985
-4592 -4985
-4392 -4985
-4272 -5000
-4920 -5000
-4856 -5000
-4328 -5000
-4560 -5000
-4392 -5000
-4280 -5000
-4968 -4985
-4384 -4985
-4512 -4985
-4528 -5000
-4344 -5000
-4240 -5000
-4888 -4985
-4704 -4985
-4288 -4985
-4440 -4985
-4320 -5000
-4800 -5000
-4504 -5000
-4920 -4985
-4960 -5000
-4264 -4985
-4576 -4985
-4584 -5000
-4608 -5000
-4864 -4985
-4240 -4985
-4712 -5000
-4424 -5000
-4808 -4985
-4832 -4985
-4384 -5000
-4224 -5000
-4792 -4985
-4448 -5000
-4464 -5000
-4752 -4985
-4792 -5000
-4760 -4985
-4440 -5000
-4696 -5000
-4272 -4985
-4616 -5000
-4776 -4985
-4520 -4985
-4472 -5000
-4584 -4985
-4896 -5000
-4904 -5000
-4648 -4985
-5000 -4985
-4360 -5000
-4528 -4985
-4952 -4985
-4736 -4985
-4672 -4985
-4800 -4985
-5000 -5000
-4744 -4985
-4552 -4985
-4672 -5000
-4976 -5000
-4680 -4985
-4376 -5000
-4824 -4985
-4936 -5000
-4904 -4985
-4880 -5000
-4488 -5000
-4336 -5000
-4768 -5000
-4480 -4985
-4360 -4985
-4600 -5000
-4992 -5000
-4640 -4985
-4984 -5000
-4872 -4985
-4840 -5000
-4640 -5000
-4416 -5000
-4408 -4985
-4424 -4985
-4248 -4985
-4864 -5000
-4896 -4985
-4976 -4985
