100
0 -952
2040 -38
1986 6
1955 27
2000 14
2026 -9
1993 5
-20 -1035
2004 25
1990 45
-2 -1002
1978 44
1961 35
1955 2
1986 -29
17 -956
2001 -17
2011 45
-24 -1038
1959 17
2015 -15
49 -1011
1996 -38
2021 9
2019 -11
2036 33
-33 -1050
1999 21
2011 23
-13 -1003
0 -1012
-26 -1038
1955 -6
-11 -955
41 -968
2046 2
31 -983
-41 -1032
-18 -979
36 -1021
2017 27
2001 -8
31 -977
1950 -6
1990 -7
2045 -33
1 -953
1973 -11
-29 -980
2009 2
1961 19
-32 -1047
1960 -32
-4 -985
-49 -1014
1970 -12
-32 -963
-36 -965
29 -989
-50 -961
-2 -969
-40 -983
36 -1027
2009 -43
2000 -31
1986 -6
22 -952
2011 6
1972 6
8 -990
2050 -17
1953 18
22 -982
-49 -966
26 -999
15 -1017
-31 -1004
19 -998
2 -990
4 -1049
1977 44
-21 -1010
1981 8
2038 46
-14 -963
2017 -22
2010 -13
17 -999
1967 40
2032 -2
1985 5
28 -1023
-2 -987
17 -1043
-40 -1026
31 -1008
1971 -39
-43 -1033
44 -1014
-17 -1000
