150
1955 18
5 -997
2033 16
2017 -33
2048 -17
1960 15
2035 45
31 -1000
-35 -975
2047 2
20 -1042
2043 -4
-25 -985
-2 -978
37 -1041
1957 36
1983 32
7 -981
1987 47
-44 -998
2013 -19
44 -987
-32 -1007
1989 37
38 -978
2019 7
2014 -1
2007 -25
25 -970
-30 -990
-48 -1036
-38 -997
-7 -970
30 -981
1964 24
34 -1025
-41 -987
-1 -1023
-7 -987
-50 -1045
23 -1022
1997 35
2004 -6
18 -995
2003 20
2011 -45
-5 -1031
-48 -1004
47 -969
0 -1034
-31 -1041
2027 32
2017 -16
1963 -5
-15 -1047
2032 -45
2030 -10
2019 28
-40 -1007
2032 19
2042 -7
22 -1030
5 -1046
1972 44
2011 37
47 -1002
2 -971
22 -1028
2037 -50
-29 -1019
-9 -1023
1952 -48
31 -977
1986 -7
2016 50
31 -1044
1955 50
2028 -46
2020 10
-7 -1011
1950 28
1990 -19
2018 10
2044 -4
-44 -1022
2034 -45
2047 43
2044 26
-38 -980
2045 -10
1995 17
2005 -26
45 -1020
2025 -23
-30 -980
2001 22
1994 20
-26 -1004
2022 -16
-19 -968
2029 -17
-9 -1022
2043 25
2028 -45
-16 -987
-46 -1008
-2 -1026
1983 -22
25 -1034
-18 -964
-28 -975
1952 34
2036 14
1963 33
1972 49
-40 -1010
2043 -9
1979 -4
2015 24
2029 -38
-19 -1008
-14 -972
-7 -1042
2022 -33
6 -999
-3 -965
32 -1008
42 -979
2024 -3
4 -1035
13 -953
1974 -14
32 -1017
1963 -32
-31 -1023
2045 -43
-15 -1023
1956 7
2016 -46
1968 -39
-37 -982
27 -990
1993 25
-43 -1039
1979 15
2045 29
42 -995
35 -966
-34 -959
-40 -999
