200
2046 -3
-11 -1009
8 -971
1954 10
-49 -1004
2044 24
50 -1050
23 -1016
-13 -987
1955 36
-5 -964
13 -1019
19 -1015
-4 -976
1980 -40
1962 -27
-27 -1030
-27 -966
2026 -18
36 -1036
1991 -13
7 -989
-43 -1045
-28 -1049
-31 -970
25 -1006
2039 34
-11 -1011
2043 -49
1992 -46
2007 -10
2005 3
2014 -25
-18 -1039
-13 -1037
1992 34
1964 30
2040 -41
17 -979
1955 -49
1952 -43
-7 -963
-20 -1026
1968 39
24 -1031
1985 42
1979 -6
1973 9
-3 -960
-26 -977
48 -1024
2004 42
-18 -1041
49 -1024
-45 -1035
43 -972
1967 -29
1985 -23
2034 -47
1993 -4
-27 -1020
1977 -46
-29 -1041
2006 16
40 -959
9 -1046
1970 -41
2015 -5
2048 -20
-2 -968
-39 -997
1960 -37
2025 18
2030 44
-16 -980
2022 -13
50 -1039
-46 -985
-2 -999
2028 -4
1986 -18
0 -1029
20 -1047
1974 39
2043 -17
46 -1039
1981 -2
-42 -967
2042 5
1981 -28
-31 -991
-16 -982
2013 -17
2010 10
1977 -7
2033 34
22 -995
1997 36
2026 -10
17 -951
5 -1043
2011 -5
49 -1028
1962 34
2039 26
1996 -47
-33 -991
-17 -1035
-48 -1006
2046 0
-11 -1029
38 -967
-29 -1026
-50 -980
-34 -1034
1986 -43
-19 -1019
1972 -50
1974 15
2027 49
0 -1048
22 -1035
-46 -1023
2032 28
37 -977
2007 18
7 -1041
-33 -1041
1980 10
25 -950
1998 12
-3 -957
2033 -36
-1 -1002
2003 27
-34 -1009
39 -959
10 -1037
1969 -50
2045 -31
2007 -43
1956 -31
-40 -982
1997 16
2026 -16
2030 -17
2006 36
2034 -10
-33 -1047
-13 -1010
1969 36
2027 1
2019 27
42 -1040
28 -953
1985 -39
-47 -1023
6 -976
-10 -994
-27 -950
-35 -965
2030 -7
2041 -2
31 -1040
2017 50
1952 13
1966 26
23 -1008
16 -970
1975 1
1987 -43
2025 -25
2000 32
0 -968
2050 8
35 -976
1999 -10
1976 34
-27 -1007
2008 -35
-45 -1034
26 -999
38 -983
-48 -1050
-6 -989
-18 -1001
33 -1024
1997 -44
-11 -1006
2001 -2
6 -979
2045 -6
-47 -959
2022 -14
2047 -32
-32 -1048
2021 -8
1988 33
2044 -5
2041 21
