101
0 -4
-15 0
0 4
13 0
10 0
5 0
0 -5
0 20
0 -2
0 -7
0 -6
0 23
-5 0
0 25
0 14
1 0
0 -15
20 0
-6 0
24 0
0 -20
0 6
-20 0
2 0
-8 0
0 12
0 3
7 0
8 0
14 0
-18 0
19 0
0 -8
0 -1
23 0
0 5
0 15
-22 0
0 11
-16 0
-12 0
0 19
0 24
0 18
-23 0
18 0
0 13
0 -13
0 22
-7 0
0 -25
0 17
0 9
15 0
12 0
0 -10
-17 0
11 0
0 -18
-2 0
0 -17
0 -22
0 8
-25 0
0 2
-10 0
22 0
25 0
9 0
0 -14
6 0
0 10
21 0
-3 0
-13 0
-21 0
0 -23
16 0
0 -21
-4 0
0 1
0 -16
0 21
17 0
0 -24
0 -3
0 7
-1 0
0 -19
3 0
-19 0
0 -12
4 0
-24 0
0 -11
0 -9
-9 0
-11 0
-14 0
0 16
0 0
