149
0 31
0 13
0 5
0 1
-3 0
1 0
-8 0
-23 0
-25 0
-20 0
0 -9
-32 0
8 0
0 11
-37 0
0 -29
-33 0
0 37
0 -5
-6 0
-29 0
-22 0
35 0
26 0
0 -1
-14 0
0 -32
-1 0
16 0
9 0
5 0
0 -21
0 28
0 21
22 0
0 -26
33 0
0 -11
13 0
27 0
-35 0
0 8
23 0
0 22
0 34
0 14
0 -36
0 -10
0 32
-2 0
0 10
12 0
0 -24
0 -28
-17 0
-7 0
7 0
-21 0
0 17
0 12
0 -35
-36 0
17 0
0 -17
0 -14
20 0
32 0
0 25
-12 0
0 9
0 35
0 -4
18 0
-31 0
0 20
0 -33
0 4
0 -31
-24 0
6 0
14 0
30 0
3 0
-16 0
0 -16
0 6
25 0
0 -15
-26 0
0 -19
0 36
0 0
37 0
0 -2
-19 0
-30 0
31 0
0 3
0 -37
0 -22
0 30
19 0
0 -8
36 0
21 0
0 18
-11 0
0 -30
0 -13
0 19
2 0
-15 0
15 0
-5 0
28 0
4 0
0 24
0 -34
-9 0
11 0
0 33
-27 0
0 -18
-34 0
-4 0
-13 0
0 16
0 -7
29 0
0 -25
-18 0
34 0
0 2
10 0
0 15
0 27
0 -27
0 -3
0 23
-28 0
0 -23
0 29
-10 0
0 7
24 0
0 -6
0 -12
0 -20
0 26
