197
-44 0
0 -46
0 -31
4 0
0 -25
35 0
41 0
0 -41
49 0
0 -35
28 0
-18 0
0 4
0 -9
-31 0
18 0
-4 0
39 0
-1 0
23 0
-10 0
0 5
-9 0
-40 0
0 -33
1 0
0 -23
0 14
0 -42
0 -38
27 0
0 -32
0 -11
-26 0
0 -17
0 19
0 -43
38 0
-6 0
0 12
47 0
0 -30
2 0
-22 0
-42 0
8 0
0 -45
0 -24
0 -34
46 0
-33 0
0 34
0 -29
0 -39
0 -6
0 -1
0 -19
31 0
10 0
0 31
19 0
0 -44
0 17
26 0
5 0
0 -2
0 49
0 36
0 48
0 -22
0 47
0 38
24 0
-3 0
6 0
0 1
0 35
0 13
0 3
-36 0
-15 0
33 0
43 0
0 41
-5 0
-38 0
-27 0
7 0
29 0
16 0
0 20
0 -28
21 0
-34 0
9 0
0 23
12 0
-35 0
32 0
0 18
15 0
14 0
0 -4
0 6
-17 0
-45 0
-29 0
-20 0
-46 0
0 25
-49 0
37 0
-11 0
-23 0
0 15
0 -3
0 -40
-19 0
0 -48
0 40
0 29
0 16
-47 0
0 -8
-37 0
0 -14
0 2
-16 0
0 -12
25 0
-2 0
0 26
0 45
0 21
22 0
-32 0
-43 0
0 -26
0 -16
0 -5
0 -49
0 -37
0 10
0 39
0 46
0 28
-24 0
44 0
0 -27
13 0
36 0
-30 0
0 33
0 -21
0 24
0 22
-39 0
0 44
0 -10
0 27
-8 0
0 9
0 -13
-13 0
0 -20
-7 0
0 30
0 -36
0 0
34 0
-41 0
-25 0
0 37
-14 0
20 0
-21 0
3 0
0 43
45 0
0 32
40 0
0 -47
0 11
48 0
0 -18
0 7
-12 0
30 0
11 0
0 -7
42 0
-48 0
-28 0
0 8
17 0
0 42
0 -15
