60
1192 -940
2311 1620
2523 536
-1335 -889
-1570 -2562
1888 -1639
575 2072
2623 77
3375 4872
-4766 -2752
-1630 237
-194 538
3726 569
4528 -1028
2820 -213
1650 936
-486 -1044
3485 4580
-1643 473
3902 -3135
-4170 -1372
3672 -1255
-525 -574
-977 -2333
-3250 1851
-3873 -282
-364 2509
-3228 -3396
-1723 4474
-495 206
3363 -2216
4536 -741
2229 -2573
4881 -276
1245 2647
3743 4928
2091 -4498
1757 3754
3423 -741
1981 -116
3733 -3762
-1497 -1871
-4907 1369
1577 1934
-2585 1054
3921 -923
2983 2434
-3763 -1961
2314 2677
3354 3661
3325 2417
3660 -2688
-3845 962
-3269 -1392
1877 -3049
1283 4924
-4422 2479
-4885 -4118
-4526 -3889
-1677 3881
