80
2621 -124
-818 -3180
2732 3281
251 1338
1041 2690
3809 3457
2775 -1190
-1538 1738
-3387 4182
806 -3023
3382 2084
3237 4222
3075 -4118
4532 -2260
4638 4123
-4612 -3224
-4860 3701
1044 -393
3193 3992
-1920 3612
-4136 1209
3469 3680
811 65
3899 987
-4203 -4186
-4763 -772
722 2803
-3397 2913
644 4946
-3899 2385
-478 -3270
-2354 -3204
3975 3650
4287 -4622
4458 960
-1587 -1691
3065 -4644
-3951 4575
-4354 -4587
-2296 1890
-3499 1744
-2611 -1840
3099 578
2624 -2290
-2612 2335
1750 2450
-2837 -1163
-415 4049
1630 4141
937 1530
1697 4711
-3701 -2436
3902 -703
-676 378
2843 -3790
-3862 -3581
217 -3301
-2203 2033
3869 -2226
577 -610
-1120 4238
555 -1048
-4333 2604
3781 -3129
1157 -3605
3744 505
-3590 -3693
-4591 1082
-3155 -4842
-4645 -370
3558 -3269
-2836 3013
968 -1829
2705 -4870
-2404 -3033
3500 -2731
-2593 -45
43 -913
-2613 4366
2559 -229
