100
-1037 -1809
20 1201
-680 1457
-3204 4460
1368 4888
586 2442
-1534 4034
3844 -2707
3481 3726
-1769 200
-613 862
909 -3828
3520 -2605
3176 -4054
2545 -2113
4703 3525
4615 4909
-261 -3541
4650 567
603 4425
-1634 4223
-690 3523
-1547 816
714 1249
-4756 -4940
3068 2350
4352 -2180
-316 -2308
-1852 -4676
-3533 134
4648 -1838
4067 -4398
-4087 -3169
1616 1497
4968 -4933
1920 3101
2300 -4236
1702 2626
-3240 2788
-2477 3480
3137 4400
-1520 4073
-4277 -401
925 -3221
3376 -735
4408 -3891
-916 1634
-2446 -1771
-1009 -2176
-2592 -4013
-3320 -3787
3506 4415
-1736 3495
-1791 -4016
-4286 4700
-4278 54
3407 -2829
-449 -41
3387 4314
460 -451
-3789 -2891
4943 -2961
-1543 3301
1416 2396
-2757 4343
4096 121
-3099 1104
2431 -2256
4250 2225
4807 4681
3503 -4365
1827 3882
3761 -3029
-4508 2568
-1431 -1348
1477 -167
2001 492
-3606 4662
3756 -4984
-3887 -4579
1855 -2952
3128 647
4750 -2275
-1911 -3226
673 -46
166 -960
1820 -3902
2075 -3349
-2323 -2861
1562 2222
-3902 2418
2337 -1570
-3969 2064
3248 -1537
-503 3284
576 2734
-3105 4778
1492 1854
2741 -3119
953 -683
