120
1005 2719
3838 -717
3027 2538
-2176 2801
423 727
3184 3189
2645 -2087
3339 -2613
-1093 1853
-1784 -2718
-3354 -1080
-1087 -4754
-570 -2563
-3385 -1194
-325 3893
-688 -4635
4853 4570
-2584 -3099
-1584 -14
-941 -3329
1439 659
3658 2311
-651 1309
-3947 -3601
136 1532
3825 1596
-871 -1612
-3092 2794
-3056 -466
1704 -1792
4752 -1099
-4093 -2228
579 1905
4483 22
3903 -3763
-553 -2321
-713 1449
1539 3575
526 1707
-2545 -128
-1862 -4798
-1563 4985
3917 -1887
2315 1025
3174 -2951
-1494 2696
4920 -4585
-4165 -2568
-695 -841
-1301 -1531
1535 369
-2456 -1060
4364 4898
2239 951
-1041 -2554
-213 115
1457 4088
428 2172
-4506 591
-3170 -1357
-4221 3241
2926 2886
-3560 -2449
-3035 3955
-956 -4727
-4549 -4622
4579 -4486
-669 2349
4406 1607
4662 1914
-2251 -2840
4386 -4075
-781 887
-1788 -1765
2130 2698
-4314 527
-3744 3077
4400 228
-1706 4274
3765 4045
2239 4937
-823 -4248
-1051 3646
3544 181
128 -4362
4012 1505
-240 1504
949 1013
112 -4153
4753 -2218
-2620 -4980
-3211 -3712
-1612 -144
3320 -544
4413 286
713 -3403
1464 -588
-422 3723
-818 -4641
-1129 -4254
-3990 510
3656 1010
-4549 224
715 2442
-3759 4291
1674 -1431
4010 -4254
1067 3367
1070 -1454
4685 -2595
-1192 4999
-1515 2288
585 -3025
2871 -2120
1183 2736
523 869
-2139 1305
296 -1932
-757 -2377
371 -4757
