140
1999 4415
1427 853
-3052 4625
738 2236
-3424 -2927
-4377 -2915
-3218 4924
4010 -2278
-4027 650
421 -1674
1440 -2202
-1986 -3013
-166 205
289 2040
-459 -2586
-2104 -1796
4926 -887
-3922 4188
4355 -3776
-4956 -1106
3880 -2274
-1137 -1980
-528 1828
2386 434
-2075 440
-1066 -3545
-1975 -3022
3263 -4210
-1484 -1976
-3139 1088
2616 -2580
-301 2102
-403 417
-370 -2129
-3257 -4297
3773 -4154
-3416 1569
-84 1527
-287 170
4150 -4312
-1097 4504
3654 2270
-2697 732
-249 1822
-3474 195
-4090 4271
2447 1059
1591 1109
2427 2198
2596 -2014
-2658 -487
-2447 1310
-1020 -2080
1369 -2974
2758 247
-2408 -1465
-2466 1769
-1080 4970
-840 4859
-192 3555
4574 -1951
2142 4821
1646 2808
3882 -4675
4875 -611
2729 -2917
335 -2749
-2265 -2128
4689 3649
2588 1320
1052 -158
621 -3160
3661 -2903
-701 157
785 3983
-1509 -3089
344 -1949
4574 3498
76 1047
-1755 4072
-3724 4272
2847 3253
1348 -4475
-3156 4045
-2472 -4770
2042 -1686
-523 3284
2203 -1103
2718 1990
-414 -319
-2425 2336
-4226 1219
4590 -618
1016 -1050
109 3028
53 -889
-2694 2396
4494 -712
2856 -1426
4603 4581
-844 -4259
-459 -4952
-1230 3100
3973 -746
-4485 -2105
-2258 -3943
3116 4971
1521 -4800
-3679 -1185
-925 659
2170 2473
4996 -4888
2196 1312
-4491 2591
1291 -888
-2763 -148
2031 -899
-353 -4632
-1529 4363
1984 -3290
-3364 -3283
2084 3748
-3040 1782
2841 4321
-4992 494
-2414 1566
3025 -310
-86 -4166
-2094 -3923
-2589 -4705
-4114 -2451
2593 2499
676 1763
715 -3251
-493 -2882
-4864 -1734
4487 4567
1844 -892
489 4372
-3735 1356
