160
706 -4376
-3188 -2420
-4008 -1035
-2853 4074
4202 -2956
-4046 -647
1549 -2254
-2798 4468
1340 2754
3276 -1461
-3319 -432
1734 -2284
-11 1175
3248 2407
273 4240
-4883 1326
-623 -3200
-4858 450
2864 -1431
3503 2285
3934 -1761
685 831
-4274 3202
-2431 -1349
1654 -2045
-3813 4594
-2565 -3213
-3427 1046
-2047 -1294
3667 2743
-992 1039
4298 -2750
4590 -2953
-2906 3906
691 3207
3391 247
4943 -655
400 3243
-2772 -1058
-2128 -4877
-3018 -3581
2543 3514
1386 -3361
1217 3342
-4592 -1130
-2156 3822
3497 3011
4278 -2487
-4812 306
-22 -4440
-844 -2913
565 4230
-4578 -1615
3045 -2606
1183 -2400
4310 -2783
-1100 -1062
-3953 -4971
-2205 -210
-2369 -1535
4905 -3407
-4698 -3104
-484 3979
-423 345
-4145 3328
2435 3297
-1107 1686
-1057 2499
-2857 3375
-4724 -488
3634 1200
-4398 2719
-2902 -3231
-2972 -1265
-2872 -4217
-4136 4382
-2097 -4843
-2674 -1818
675 1304
883 -1044
4222 524
-4503 3170
-1284 1293
4379 2487
-4197 2404
1191 334
2983 4282
1660 -2244
1229 3315
-1827 4133
2573 -1269
4543 -1639
-1307 -1592
3834 -2622
3946 3502
1701 2051
1031 3848
-457 -4965
-2280 326
-4778 -4028
58 -287
1978 3326
4973 3001
-222 -1785
-3562 -1018
-1839 1162
1053 339
-1356 -343
-4326 -3000
3453 2272
-4756 2793
-330 -1889
-199 427
3856 -20
1625 3516
4719 -700
688 1032
-891 -1250
-2939 1259
-3966 3480
711 -2063
4440 3060
3627 -4675
490 450
2890 488
148 4400
1492 -2232
3980 4163
2313 -3397
-4182 -4933
790 4137
1302 -1012
-4447 -1403
-1595 2580
1813 3182
1627 -3368
3991 -3763
4743 -709
-3780 1304
-4986 4179
730 -1043
1351 -2496
4112 -2736
3758 2386
161 -2203
-4988 1844
3967 3697
3116 -4037
2352 97
-1332 3428
820 -3594
650 1238
294 -1743
-2700 -4322
-4662 4145
3891 2220
4501 -4150
-1510 2051
3021 2008
3191 -1655
