180
2660 4852
-1268 -1912
4882 -548
789 -5000
4720 2430
4079 -4309
1546 258
-3901 -1343
2305 175
2854 131
-584 -4482
4819 4072
1602 1255
-3913 -2727
2696 -1052
2368 -3079
-1778 -905
3266 -4086
-314 1487
1523 -3623
1692 952
-1134 -3994
3203 1453
-4545 -441
-368 1991
-1805 1342
-1300 3423
423 1903
-194 -3230
239 2539
8 4167
1796 -2650
-4880 -1166
4707 3626
-2180 2201
-2509 -4498
-4853 -435
1802 4530
-3192 3890
-1998 -3664
4482 3775
1311 4379
-3936 -2529
-4546 -4414
3184 -1658
-62 2422
-4888 -2634
1056 4582
1071 -4735
-1869 1071
-2700 1028
-4553 4879
376 2909
962 4557
-4468 -1934
2896 3626
-2486 4017
1334 -2080
1337 -2705
2780 398
-1338 1420
-2835 -2232
-4208 4638
-1660 -1927
-3940 -3531
2744 4284
-4947 431
-2401 4772
2311 -4590
3057 3953
-4862 1689
-293 -1923
873 -4385
-3888 3189
2502 -1044
-440 1308
-3820 4894
-2748 -137
-302 -1737
3760 3908
-4128 -4136
-3331 -704
4412 -4176
2406 -48
-39 1827
2363 3682
464 2734
673 3828
-4983 1903
-442 197
3852 -3771
497 927
-4793 -1096
4164 1899
-3656 -2241
2375 4855
1448 -4379
-3887 -3415
-3072 4384
-2901 31
2562 4978
1932 2526
-4141 2896
4644 912
-2418 -1103
-4209 4209
2098 -3373
1546 -1325
-3875 78
-1999 -1792
794 -4732
-1904 -2642
-3480 1810
-1531 -4768
-497 -1543
4249 3380
-1593 -1399
-1411 -381
-4886 -2400
-4715 -554
-2819 -1323
1189 2412
2861 -2356
-3193 2171
-1458 -1693
-3531 -3333
1187 -3572
-2514 1163
-2406 -1366
-730 -4881
-829 -1318
-3795 -4332
-3911 -1513
-1619 2201
258 -2230
-3046 3705
1844 3060
2016 -1776
-499 1661
-2125 3448
-3221 60
2856 3540
4038 -963
-1035 691
3070 3063
-2321 4113
2129 3778
4248 -2738
2950 2190
-2398 -3860
528 -1116
-1 3504
-46 -3885
-3764 -4393
2938 -2563
860 4811
676 -1291
-4049 -1802
3312 3336
4159 -3723
-3490 2439
-2896 -2542
113 -1134
2516 1773
-2359 3618
3236 -931
1631 -3799
4987 -4189
4502 3986
-4896 1381
2485 1599
-61 -552
-2975 3882
-2316 -3274
4344 1034
-2293 146
4503 3709
-4969 -4457
2171 -2472
409 -1708
