200
-1479 -264
388 -4692
2121 1584
1739 3461
3217 3722
-833 -2139
-598 266
-4811 -444
3515 -2921
1958 3119
181 -4803
3032 358
-3873 715
4413 255
-4500 3585
-2885 -387
-331 2001
2697 -2545
2857 -2462
-3194 -2170
971 3498
-1017 214
-193 -1863
-3740 -4330
-1159 3150
-2083 3630
4566 -3046
-3103 4972
-1199 -3225
-746 860
3928 4857
1699 2346
-3629 -656
-1533 109
775 -585
-2843 1306
-855 2567
-3236 -126
-1695 -1656
-1503 -3229
1764 2296
4651 -3408
-3493 2054
749 -1808
-939 -1772
-4775 -2622
2790 2619
4202 1076
-1059 -1302
750 3896
-2166 370
-1599 342
3037 300
-288 -1634
-1564 2038
218 -2208
-1926 -2330
4349 -4471
-4461 30
3962 2653
-4634 4132
1515 2894
-3521 -4770
-1987 4660
779 -2347
3665 -3448
190 -885
-397 -4949
1815 4677
2342 163
-4185 -3343
3554 301
1622 3470
-3877 -1240
-3566 3504
794 692
4513 170
658 3076
-1011 2205
-1974 2276
-2685 -4006
-3456 1709
2378 -3743
1387 -3745
-4705 2920
1265 -1217
-547 4166
3531 -1543
-4173 -2350
3366 -1723
3926 1171
-3663 2714
-4127 -3643
-2423 -3572
-339 2888
-3877 -2597
3606 -1383
-455 1715
-449 -2754
-1636 2380
-2121 2807
3303 4709
3151 4528
-4780 408
3405 3664
-2942 1089
1729 3112
-1672 -4280
-855 421
723 -2180
-4174 -10
-2461 -2197
1672 489
-4274 4544
-351 -4698
1642 1611
-3361 140
-1084 4202
-3683 -2264
-3660 -2447
-1466 3334
-2556 1026
1477 -4018
-4973 -4144
-4948 -1958
2677 -1745
4649 1378
-3595 -3419
-773 -1971
-2157 2450
2630 3338
3593 1989
-2355 3656
-1037 -993
1325 -4262
-1094 -1389
4219 -425
-1893 2511
166 -1686
1961 412
4411 -3269
2127 3636
-4625 2539
-3580 3555
3978 2613
-696 -4395
2455 -4612
3222 1040
-2715 -1069
-1945 -494
4653 1805
1820 -4745
4960 915
-3754 -634
1972 -1292
-3838 -1722
-2723 3045
2120 1786
347 2655
-697 -3991
-4575 -139
4546 -3423
-4601 263
987 1508
4499 -745
-1247 -4979
-3741 3010
-1459 -377
-2888 -277
2388 3085
-3617 4010
351 431
1976 1860
2841 3451
3845 -4007
-2310 -2119
701 -448
922 -2326
1082 3846
4540 3375
-2159 -3566
-2149 -3584
3283 -917
-3572 219
665 -4979
2351 4480
-772 11
-3740 3540
-3565 -4898
2771 -817
-4467 -1428
-2625 4256
4138 881
3986 556
-2793 3087
4903 468
-1429 2900
4083 3166
171 -4274
1649 -1504
