10
7 0 7425 7426 19124 19125 20541 20542 44864 44865 70032 70033 74779 74780 86399
7 0 1654 1655 6185 6186 6593 6594 75745 75746 82557 82558 83855 83856 86399
8 0 16443 16444 30750 30751 49722 49723 50453 50454 69200 69201 72729 72730 81496 81497 86399
7 0 47041 47042 58509 58510 61659 61660 62782 62783 71245 71246 76457 76458 86399
6 0 40985 40986 52980 52981 54784 54785 65089 65090 79101 79102 86399
5 0 32833 32834 38464 38465 70927 70928 76920 76921 86399
6 0 11970 11971 24541 24542 45150 45151 68514 68515 71395 71396 86399
9 0 14583 14584 24711 24712 29454 29455 30051 30052 49834 49835 52945 52946 64884 64885 82062 82063 86399
8 0 10614 10615 30529 30530 34577 34578 35698 35699 36314 36315 44246 44247 78192 78193 86399
3 0 19281 19282 82522 82523 86399
