20
5 0 18045 18046 27487 27488 45300 45301 66741 66742 86399
8 0 19895 19896 21462 21463 22541 22542 25883 25884 26361 26362 35775 35776 71394 71395 86399
10 0 3734 3735 10877 10878 16714 16715 20726 20727 22546 22547 32168 32169 55832 55833 74798 74799 83298 83299 86399
4 0 14893 14894 41169 41170 80172 80173 86399
1 0 86399
6 0 29091 29092 33323 33324 34222 34223 61434 61435 76665 76666 86399
1 0 86399
9 0 6811 6812 17613 17614 34056 34057 41326 41327 56556 56557 77903 77904 83216 83217 85448 85449 86399
7 0 2339 2340 5767 5768 11005 11006 56254 56255 60353 60354 69115 69116 86399
7 0 10025 10026 11603 11604 40968 40969 42024 42025 59589 59590 73346 73347 86399
7 0 3862 3863 6579 6580 21609 21610 50438 50439 66448 66449 71462 71463 86399
4 0 679 680 34927 34928 77141 77142 86399
5 0 23558 23559 40999 41000 73460 73461 79334 79335 86399
4 0 11986 11987 19429 19430 81637 81638 86399
9 0 369 370 18067 18068 24231 24232 36068 36069 38767 38768 46462 46463 65322 65323 74397 74398 86399
1 0 86399
2 0 3504 3505 86399
2 0 51992 51993 86399
1 0 86399
5 0 1857 1858 15666 15667 51384 51385 81859 81860 86399
