30
5 0 39157 39158 48237 48238 59124 59125 73214 73215 86399
7 0 8331 8332 34327 34328 35776 35777 42125 42126 75111 75112 76530 76531 86399
5 0 8815 8816 32948 32949 55722 55723 83061 83062 86399
9 0 8693 8694 12764 12765 39046 39047 41852 41853 44807 44808 62516 62517 75728 75729 85869 85870 86399
1 0 86399
7 0 2870 2871 11299 11300 16076 16077 25776 25777 53333 53334 78845 78846 86399
1 0 86399
4 0 11255 11256 20207 20208 48270 48271 86399
3 0 49075 49076 52211 52212 86399
8 0 5678 5679 36480 36481 43832 43833 66111 66112 79406 79407 81308 81309 84235 84236 86399
3 0 77501 77502 82302 82303 86399
2 0 79457 79458 86399
5 0 7355 7356 37762 37763 41877 41878 54160 54161 86399
7 0 3900 3901 9459 9460 17517 17518 20853 20854 31795 31796 81490 81491 86399
2 0 13612 13613 86399
5 0 16521 16522 21592 21593 66673 66674 81536 81537 86399
2 0 84069 84070 86399
2 0 3139 3140 86399
6 0 8651 8652 34185 34186 35027 35028 66591 66592 72904 72905 86399
2 0 23386 23387 86399
9 0 5879 5880 27791 27792 54083 54084 79660 79661 81826 81827 81838 81839 83248 83249 85345 85346 86399
10 0 6045 6046 10788 10789 15168 15169 18742 18743 31212 31213 38748 38749 58546 58547 67639 67640 79641 79642 86399
5 0 4042 4043 25720 25721 35577 35578 78310 78311 86399
2 0 82502 82503 86399
9 0 12209 12210 15177 15178 15702 15703 18436 18437 42527 42528 50849 50850 60661 60662 77567 77568 86399
8 0 19444 19445 31094 31095 33400 33401 46741 46742 56473 56474 82374 82375 84563 84564 86399
7 0 536 537 43225 43226 59571 59572 62896 62897 71685 71686 73844 73845 86399
3 0 57142 57143 68815 68816 86399
8 0 1756 1757 5176 5177 9349 9350 19460 19461 20888 20889 39796 39797 67215 67216 86399
10 0 9289 9290 25836 25837 30955 30956 31589 31590 43166 43167 45160 45161 56004 56005 58861 58862 59956 59957 86399
