40
8 0 5530 5531 7545 7546 11773 11774 12825 12826 31369 31370 51200 51201 71092 71093 86399
6 0 6394 6395 26645 26646 34681 34682 46051 46052 66219 66220 86399
4 0 7966 7967 27927 27928 73631 73632 86399
5 0 22203 22204 28461 28462 69589 69590 74828 74829 86399
10 0 342 343 14753 14754 22051 22052 24103 24104 27722 27723 29258 29259 33111 33112 41490 41491 82274 82275 86399
3 0 12102 12103 49639 49640 86399
4 0 22217 22218 52909 52910 71044 71045 86399
6 0 5284 5285 17286 17287 30410 30411 33830 33831 41331 41332 86399
3 0 41789 41790 75916 75917 86399
5 0 26646 26647 33824 33825 44190 44191 81015 81016 86399
9 0 14487 14488 15976 15977 33890 33891 51482 51483 65870 65871 67189 67190 72878 72879 83125 83126 86399
1 0 86399
7 0 1 2 12983 12984 21797 21798 42058 42059 58000 58001 79434 79435 86399
1 0 86399
10 0 5090 5091 13295 13296 39985 39986 60977 60978 66422 66423 68075 68076 72705 72706 73261 73262 75050 75051 86399
8 0 138 139 6908 6909 27338 27339 29194 29195 52410 52411 68209 68210 74618 74619 86399
2 0 69011 69012 86399
9 0 1896 1897 5212 5213 15411 15412 21680 21681 25021 25022 44996 44997 52478 52479 58229 58230 86399
5 0 59406 59407 70559 70560 80879 80880 84174 84175 86399
4 0 40700 40701 46436 46437 54419 54420 86399
7 0 6102 6103 25961 25962 46745 46746 51625 51626 60812 60813 73671 73672 86399
8 0 2025 2026 10757 10758 29175 29176 49934 49935 57313 57314 67406 67407 81722 81723 86399
9 0 21073 21074 27929 27930 33001 33002 33177 33178 49767 49768 64962 64963 75582 75583 83398 83399 86399
6 0 9793 9794 25433 25434 30284 30285 49920 49921 82546 82547 86399
2 0 72835 72836 86399
9 0 6762 6763 14741 14742 15916 15917 55504 55505 56019 56020 56683 56684 76454 76455 83073 83074 86399
5 0 45706 45707 47883 47884 57853 57854 77576 77577 86399
2 0 15927 15928 86399
7 0 12404 12405 36117 36118 43189 43190 67957 67958 80315 80316 83331 83332 86399
1 0 86399
3 0 10048 10049 73689 73690 86399
6 0 19881 19882 24939 24940 55846 55847 67472 67473 83589 83590 86399
5 0 2449 2450 8753 8754 60829 60830 81734 81735 86399
3 0 10444 10445 36863 36864 86399
4 0 9738 9739 41743 41744 60132 60133 86399
10 0 396 397 15262 15263 16136 16137 23602 23603 31221 31222 35256 35257 40782 40783 58026 58027 71931 71932 86399
6 0 2563 2564 36165 36166 56783 56784 68872 68873 72227 72228 86399
2 0 84063 84064 86399
9 0 480 481 6660 6661 16488 16489 21067 21068 21104 21105 27617 27618 41827 41828 54086 54087 86399
4 0 21318 21319 27207 27208 36709 36710 86399
