50
7 0 1036 1037 11929 11930 51311 51312 53061 53062 55989 55990 74379 74380 86399
7 0 4166 4167 44509 44510 55693 55694 75770 75771 76260 76261 81350 81351 86399
8 0 14599 14600 16747 16748 37025 37026 62303 62304 66922 66923 68341 68342 75671 75672 86399
6 0 12653 12654 17651 17652 18884 18885 23259 23260 80297 80298 86399
10 0 4587 4588 6316 6317 7594 7595 19517 19518 25812 25813 36700 36701 62090 62091 62756 62757 71494 71495 86399
8 0 8360 8361 17709 17710 20096 20097 23627 23628 24369 24370 82155 82156 86077 86078 86399
6 0 31014 31015 50063 50064 54089 54090 54628 54629 76066 76067 86399
8 0 6273 6274 11384 11385 33764 33765 46599 46600 60773 60774 61732 61733 69928 69929 86399
7 0 7980 7981 15397 15398 32281 32282 49099 49100 64788 64789 75601 75602 86399
7 0 4299 4300 21962 21963 23116 23117 27892 27893 65207 65208 74146 74147 86399
3 0 26243 26244 75687 75688 86399
5 0 9276 9277 22124 22125 61431 61432 80838 80839 86399
8 0 7827 7828 12647 12648 20882 20883 23970 23971 53990 53991 63344 63345 66431 66432 86399
5 0 23999 24000 47342 47343 63356 63357 77458 77459 86399
9 0 9298 9299 27155 27156 43062 43063 49941 49942 51259 51260 58864 58865 78161 78162 84356 84357 86399
6 0 3526 3527 33336 33337 41750 41751 51196 51197 59458 59459 86399
6 0 11677 11678 33293 33294 39390 39391 70038 70039 74291 74292 86399
3 0 8535 8536 31259 31260 86399
4 0 23509 23510 56422 56423 85406 85407 86399
8 0 12831 12832 15277 15278 42282 42283 59609 59610 65756 65757 79449 79450 85517 85518 86399
1 0 86399
3 0 36501 36502 73566 73567 86399
5 0 27653 27654 43065 43066 46986 46987 69318 69319 86399
4 0 8021 8022 36625 36626 58200 58201 86399
6 0 23773 23774 28073 28074 41644 41645 44842 44843 62673 62674 86399
8 0 692 693 15742 15743 27119 27120 43996 43997 44146 44147 74090 74091 78410 78411 86399
4 0 14266 14267 41784 41785 76125 76126 86399
2 0 2848 2849 86399
8 0 6037 6038 31513 31514 43701 43702 47719 47720 50133 50134 65195 65196 82404 82405 86399
3 0 30396 30397 61190 61191 86399
8 0 4130 4131 5666 5667 14933 14934 21104 21105 29771 29772 52550 52551 65821 65822 86399
7 0 10674 10675 22896 22897 32000 32001 44197 44198 51194 51195 52780 52781 86399
6 0 4247 4248 36293 36294 61389 61390 61606 61607 65040 65041 86399
10 0 3811 3812 11866 11867 13199 13200 47282 47283 48982 48983 61693 61694 66724 66725 80228 80229 82694 82695 86399
6 0 14557 14558 15159 15160 24428 24429 66782 66783 72873 72874 86399
8 0 27864 27865 41336 41337 43193 43194 54426 54427 56501 56502 81136 81137 86326 86327 86399
1 0 86399
5 0 17719 17720 28769 28770 45337 45338 47324 47325 86399
2 0 86039 86040 86399
2 0 7139 7140 86399
4 0 40685 40686 75028 75029 76561 76562 86399
4 0 25548 25549 66423 66424 75963 75964 86399
1 0 86399
8 0 3353 3354 26162 26163 30866 30867 57924 57925 64458 64459 74125 74126 85277 85278 86399
8 0 3699 3700 24570 24571 28399 28400 35065 35066 41208 41209 52000 52001 69963 69964 86399
8 0 21526 21527 36046 36047 43168 43169 44173 44174 53320 53321 58072 58073 62906 62907 86399
9 0 21109 21110 39084 39085 48890 48891 53979 53980 74449 74450 78942 78943 84407 84408 84758 84759 86399
3 0 62747 62748 67402 67403 86399
6 0 2570 2571 3008 3009 3471 3472 21851 21852 41722 41723 86399
1 0 86399
