10
6 4426 13894 32708 33959 38325 41771 44025 45578 47857 50427 57587 68292
6 4426 13894 32708 33959 38325 41771 44025 45578 47857 50427 57587 68292
6 4426 13894 32708 33959 38325 41771 44025 45578 47857 50427 57587 68292
6 4426 13894 32708 33959 38325 41771 44025 45578 47857 50427 57587 68292
6 4426 13894 32708 33959 38325 41771 44025 45578 47857 50427 57587 68292
6 4426 13894 32708 33959 38325 41771 44025 45578 47857 50427 57587 68292
6 4426 13894 32708 33959 38325 41771 44025 45578 47857 50427 57587 68292
6 4426 13894 32708 33959 38325 41771 44025 45578 47857 50427 57587 68292
6 4426 13894 32708 33959 38325 41771 44025 45578 47857 50427 57587 68292
6 4426 13894 32708 33959 38325 41771 44025 45578 47857 50427 57587 68292
