20
3 1401 3583 45077 58914 67949 80234
3 1401 3583 45077 58914 67949 80234
3 1401 3583 45077 58914 67949 80234
3 1401 3583 45077 58914 67949 80234
3 1401 3583 45077 58914 67949 80234
3 1401 3583 45077 58914 67949 80234
3 1401 3583 45077 58914 67949 80234
3 1401 3583 45077 58914 67949 80234
3 1401 3583 45077 58914 67949 80234
3 1401 3583 45077 58914 67949 80234
3 1401 3583 45077 58914 67949 80234
3 1401 3583 45077 58914 67949 80234
3 1401 3583 45077 58914 67949 80234
3 1401 3583 45077 58914 67949 80234
3 1401 3583 45077 58914 67949 80234
3 1401 3583 45077 58914 67949 80234
3 1401 3583 45077 58914 67949 80234
3 1401 3583 45077 58914 67949 80234
3 1401 3583 45077 58914 67949 80234
3 1401 3583 45077 58914 67949 80234
