30
2 7954 17600 42280 53591
2 7954 17600 42280 53591
2 7954 17600 42280 53591
2 7954 17600 42280 53591
2 7954 17600 42280 53591
2 7954 17600 42280 53591
2 7954 17600 42280 53591
2 7954 17600 42280 53591
2 7954 17600 42280 53591
2 7954 17600 42280 53591
2 7954 17600 42280 53591
2 7954 17600 42280 53591
2 7954 17600 42280 53591
2 7954 17600 42280 53591
2 7954 17600 42280 53591
2 7954 17600 42280 53591
2 7954 17600 42280 53591
2 7954 17600 42280 53591
2 7954 17600 42280 53591
2 7954 17600 42280 53591
2 7954 17600 42280 53591
2 7954 17600 42280 53591
2 7954 17600 42280 53591
2 7954 17600 42280 53591
2 7954 17600 42280 53591
2 7954 17600 42280 53591
2 7954 17600 42280 53591
2 7954 17600 42280 53591
2 7954 17600 42280 53591
2 7954 17600 42280 53591
