40
10 5368 7768 12981 19120 28183 28885 29036 35029 47863 48700 49276 57014 61408 62080 62314 65934 72798 82023 83069 84251
10 5368 7768 12981 19120 28183 28885 29036 35029 47863 48700 49276 57014 61408 62080 62314 65934 72798 82023 83069 84251
10 5368 7768 12981 19120 28183 28885 29036 35029 47863 48700 49276 57014 61408 62080 62314 65934 72798 82023 83069 84251
10 5368 7768 12981 19120 28183 28885 29036 35029 47863 48700 49276 57014 61408 62080 62314 65934 72798 82023 83069 84251
10 5368 7768 12981 19120 28183 28885 29036 35029 47863 48700 49276 57014 61408 62080 62314 65934 72798 82023 83069 84251
10 5368 7768 12981 19120 28183 28885 29036 35029 47863 48700 49276 57014 61408 62080 62314 65934 72798 82023 83069 84251
10 5368 7768 12981 19120 28183 28885 29036 35029 47863 48700 49276 57014 61408 62080 62314 65934 72798 82023 83069 84251
10 5368 7768 12981 19120 28183 28885 29036 35029 47863 48700 49276 57014 61408 62080 62314 65934 72798 82023 83069 84251
10 5368 7768 12981 19120 28183 28885 29036 35029 47863 48700 49276 57014 61408 62080 62314 65934 72798 82023 83069 84251
10 5368 7768 12981 19120 28183 28885 29036 35029 47863 48700 49276 57014 61408 62080 62314 65934 72798 82023 83069 84251
10 5368 7768 12981 19120 28183 28885 29036 35029 47863 48700 49276 57014 61408 62080 62314 65934 72798 82023 83069 84251
10 5368 7768 12981 19120 28183 28885 29036 35029 47863 48700 49276 57014 61408 62080 62314 65934 72798 82023 83069 84251
10 5368 7768 12981 19120 28183 28885 29036 35029 47863 48700 49276 57014 61408 62080 62314 65934 72798 82023 83069 84251
10 5368 7768 12981 19120 28183 28885 29036 35029 47863 48700 49276 57014 61408 62080 62314 65934 72798 82023 83069 84251
10 5368 7768 12981 19120 28183 28885 29036 35029 47863 48700 49276 57014 61408 62080 62314 65934 72798 82023 83069 84251
10 5368 7768 12981 19120 28183 28885 29036 35029 47863 48700 49276 57014 61408 62080 62314 65934 72798 82023 83069 84251
10 5368 7768 12981 19120 28183 28885 29036 35029 47863 48700 49276 57014 61408 62080 62314 65934 72798 82023 83069 84251
10 5368 7768 12981 19120 28183 28885 29036 35029 47863 48700 49276 57014 61408 62080 62314 65934 72798 82023 83069 84251
10 5368 7768 12981 19120 28183 28885 29036 35029 47863 48700 49276 57014 61408 62080 62314 65934 72798 82023 83069 84251
10 5368 7768 12981 19120 28183 28885 29036 35029 47863 48700 49276 57014 61408 62080 62314 65934 72798 82023 83069 84251
10 5368 7768 12981 19120 28183 28885 29036 35029 47863 48700 49276 57014 61408 62080 62314 65934 72798 82023 83069 84251
10 5368 7768 12981 19120 28183 28885 29036 35029 47863 48700 49276 57014 61408 62080 62314 65934 72798 82023 83069 84251
10 5368 7768 12981 19120 28183 28885 29036 35029 47863 48700 49276 57014 61408 62080 62314 65934 72798 82023 83069 84251
10 5368 7768 12981 19120 28183 28885 29036 35029 47863 48700 49276 57014 61408 62080 62314 65934 72798 82023 83069 84251
10 5368 7768 12981 19120 28183 28885 29036 35029 47863 48700 49276 57014 61408 62080 62314 65934 72798 82023 83069 84251
10 5368 7768 12981 19120 28183 28885 29036 35029 47863 48700 49276 57014 61408 62080 62314 65934 72798 82023 83069 84251
10 5368 7768 12981 19120 28183 28885 29036 35029 47863 48700 49276 57014 61408 62080 62314 65934 72798 82023 83069 84251
10 5368 7768 12981 19120 28183 28885 29036 35029 47863 48700 49276 57014 61408 62080 62314 65934 72798 82023 83069 84251
10 5368 7768 12981 19120 28183 28885 29036 35029 47863 48700 49276 57014 61408 62080 62314 65934 72798 82023 83069 84251
10 5368 7768 12981 19120 28183 28885 29036 35029 47863 48700 49276 57014 61408 62080 62314 65934 72798 82023 83069 84251
10 5368 7768 12981 19120 28183 28885 29036 35029 47863 48700 49276 57014 61408 62080 62314 65934 72798 82023 83069 84251
10 5368 7768 12981 19120 28183 28885 29036 35029 47863 48700 49276 57014 61408 62080 62314 65934 72798 82023 83069 84251
10 5368 7768 12981 19120 28183 28885 29036 35029 47863 48700 49276 57014 61408 62080 62314 65934 72798 82023 83069 84251
10 5368 7768 12981 19120 28183 28885 29036 35029 47863 48700 49276 57014 61408 62080 62314 65934 72798 82023 83069 84251
10 5368 7768 12981 19120 28183 28885 29036 35029 47863 48700 49276 57014 61408 62080 62314 65934 72798 82023 83069 84251
10 5368 7768 12981 19120 28183 28885 29036 35029 47863 48700 49276 57014 61408 62080 62314 65934 72798 82023 83069 84251
10 5368 7768 12981 19120 28183 28885 29036 35029 47863 48700 49276 57014 61408 62080 62314 65934 72798 82023 83069 84251
10 5368 7768 12981 19120 28183 28885 29036 35029 47863 48700 49276 57014 61408 62080 62314 65934 72798 82023 83069 84251
10 5368 7768 12981 19120 28183 28885 29036 35029 47863 48700 49276 57014 61408 62080 62314 65934 72798 82023 83069 84251
10 5368 7768 12981 19120 28183 28885 29036 35029 47863 48700 49276 57014 61408 62080 62314 65934 72798 82023 83069 84251
