50
5 1542 2097 12717 27138 28263 44640 48345 48674 64699 67974
5 1542 2097 12717 27138 28263 44640 48345 48674 64699 67974
5 1542 2097 12717 27138 28263 44640 48345 48674 64699 67974
5 1542 2097 12717 27138 28263 44640 48345 48674 64699 67974
5 1542 2097 12717 27138 28263 44640 48345 48674 64699 67974
5 1542 2097 12717 27138 28263 44640 48345 48674 64699 67974
5 1542 2097 12717 27138 28263 44640 48345 48674 64699 67974
5 1542 2097 12717 27138 28263 44640 48345 48674 64699 67974
5 1542 2097 12717 27138 28263 44640 48345 48674 64699 67974
5 1542 2097 12717 27138 28263 44640 48345 48674 64699 67974
5 1542 2097 12717 27138 28263 44640 48345 48674 64699 67974
5 1542 2097 12717 27138 28263 44640 48345 48674 64699 67974
5 1542 2097 12717 27138 28263 44640 48345 48674 64699 67974
5 1542 2097 12717 27138 28263 44640 48345 48674 64699 67974
5 1542 2097 12717 27138 28263 44640 48345 48674 64699 67974
5 1542 2097 12717 27138 28263 44640 48345 48674 64699 67974
5 1542 2097 12717 27138 28263 44640 48345 48674 64699 67974
5 1542 2097 12717 27138 28263 44640 48345 48674 64699 67974
5 1542 2097 12717 27138 28263 44640 48345 48674 64699 67974
5 1542 2097 12717 27138 28263 44640 48345 48674 64699 67974
5 1542 2097 12717 27138 28263 44640 48345 48674 64699 67974
5 1542 2097 12717 27138 28263 44640 48345 48674 64699 67974
5 1542 2097 12717 27138 28263 44640 48345 48674 64699 67974
5 1542 2097 12717 27138 28263 44640 48345 48674 64699 67974
5 1542 2097 12717 27138 28263 44640 48345 48674 64699 67974
5 1542 2097 12717 27138 28263 44640 48345 48674 64699 67974
5 1542 2097 12717 27138 28263 44640 48345 48674 64699 67974
5 1542 2097 12717 27138 28263 44640 48345 48674 64699 67974
5 1542 2097 12717 27138 28263 44640 48345 48674 64699 67974
5 1542 2097 12717 27138 28263 44640 48345 48674 64699 67974
5 1542 2097 12717 27138 28263 44640 48345 48674 64699 67974
5 1542 2097 12717 27138 28263 44640 48345 48674 64699 67974
5 1542 2097 12717 27138 28263 44640 48345 48674 64699 67974
5 1542 2097 12717 27138 28263 44640 48345 48674 64699 67974
5 1542 2097 12717 27138 28263 44640 48345 48674 64699 67974
5 1542 2097 12717 27138 28263 44640 48345 48674 64699 67974
5 1542 2097 12717 27138 28263 44640 48345 48674 64699 67974
5 1542 2097 12717 27138 28263 44640 48345 48674 64699 67974
5 1542 2097 12717 27138 28263 44640 48345 48674 64699 67974
5 1542 2097 12717 27138 28263 44640 48345 48674 64699 67974
5 1542 2097 12717 27138 28263 44640 48345 48674 64699 67974
5 1542 2097 12717 27138 28263 44640 48345 48674 64699 67974
5 1542 2097 12717 27138 28263 44640 48345 48674 64699 67974
5 1542 2097 12717 27138 28263 44640 48345 48674 64699 67974
5 1542 2097 12717 27138 28263 44640 48345 48674 64699 67974
5 1542 2097 12717 27138 28263 44640 48345 48674 64699 67974
5 1542 2097 12717 27138 28263 44640 48345 48674 64699 67974
5 1542 2097 12717 27138 28263 44640 48345 48674 64699 67974
5 1542 2097 12717 27138 28263 44640 48345 48674 64699 67974
5 1542 2097 12717 27138 28263 44640 48345 48674 64699 67974
