10
9 578 1508 5287 5580 7894 7931 11070 12013 22103 22404 25874 26350 34730 36591 38387 38424 45001 45845
9 21514 21959 27798 27807 30281 30424 30503 30548 34353 34478 41343 42249 45882 46123 46190 46452 51001 51788
5 17076 18544 26755 27170 27947 28078 37641 38277 46652 47580
1 22891 23845
10 3124 3679 9415 9735 14960 15354 15674 17004 23914 23987 24254 25550 36876 37345 40141 40651 49419 50986 51858 52422
5 13765 13897 19154 19182 19883 21351 41170 41313 55164 56664
4 9010 9048 47716 48076 48737 48854 52846 53525
8 5152 5186 12461 13389 13924 14303 26433 26620 27582 27717 31222 32257 33933 34339 57247 57289
10 111 184 2088 2125 4162 4447 5975 6560 18735 18800 33030 33075 42514 43715 49118 49386 54091 54576 56737 57001
5 6854 7543 10332 10939 12195 12438 28328 29549 52445 52612
