20
3 14973 15077 37512 37675 41536 41538
10 150 573 10779 11130 12297 12540 13695 13825 17149 17182 26545 26738 27947 28039 29053 29345 29857 30022 36095 36109
4 4249 4581 7174 7393 22167 22228 47918 48441
9 11189 11556 15120 15312 16424 16596 20300 20891 24460 25011 31499 32531 33237 33319 36585 36621 37977 38063
1 35790 35947
2 16092 16230 27352 27391
8 2200 2279 8659 9017 17737 17923 22703 23082 27417 27435 34190 34665 35454 35677 36195 36282
2 18309 18382 28799 28816
4 7450 7714 24155 24338 27504 27690 37023 37436
1 42420 42556
9 6301 6450 13377 13525 15440 15478 19656 19960 29475 29731 32569 33234 38772 38793 39029 39038 48465 48475
10 2627 2762 2994 3057 3954 3989 15563 15629 22268 22691 24400 24411 25084 26483 44641 44912 45778 45937 47263 47408
5 821 1443 17948 17974 21432 21492 31147 31433 43792 43946
9 3787 3824 12673 13289 18660 18745 19373 19463 21591 21655 33475 33738 41845 41892 44265 44354 46854 46862
6 4741 5270 23155 23430 30554 30687 40035 40458 43509 43752 46601 46662
2 9083 9181 15705 16052
10 636 789 2294 2614 9233 10044 10139 10356 13915 14737 38287 38354 41639 41741 45332 45631 47560 47580 47617 47794
9 5348 5917 6559 7011 7797 8358 11686 11816 30766 30850 38445 38539 39390 39455 40600 40892 42953 43026
2 7101 7136 43112 43461
5 28239 28637 30190 30398 34927 35184 35312 35317 40926 41242
