30
9 6493 6564 19344 19568 20452 20575 24945 24965 26682 26940 27384 27415 28168 28354 28858 28972 29038 29160
1 30829 30836
1 26425 26533
5 1752 1916 6813 6827 10847 10875 18579 18584 32988 33157
1 31276 31356
2 7226 7425 33793 33955
4 11396 11451 17678 17800 18440 18472 25933 26002
10 2306 2402 7892 7956 8003 8018 8202 8312 8721 8915 12165 12511 14901 15320 15428 15494 20652 20673 21735 22028
6 44 128 18509 18519 22184 22291 25347 25598 27434 27456 32752 32919
4 778 1151 2439 2960 10993 11116 12990 13100
2 21015 21701 29396 29466
7 4634 4803 5630 5701 8941 9147 10328 10336 12813 12874 19826 19879 20347 20431
6 1464 1658 4395 4585 5820 6014 14288 14330 24555 24789 30481 30588
4 11694 11709 15689 15713 22726 23213 28475 28495
1 18154 18386
2 13273 13309 17063 17101
2 24463 24480 30331 30476
1 16302 16557
3 1237 1257 19134 19302 24859 24917
7 3891 3987 10008 10269 10505 10566 10909 10933 23517 23554 29626 29845 31412 31851
9 683 748 7657 7730 13702 13737 17453 17474 23326 23509 24109 24445 30104 30212 32456 32534 33185 33340
3 3349 3813 11619 11644 18621 18771
7 491 605 7787 7871 8550 8626 14250 14284 15529 15671 18836 19108 27784 27839
3 2172 2229 6082 6300 25076 25113
1 9198 9574
4 8678 8708 23918 23933 26158 26410 28547 28844
2 13510 13513 22584 22626
6 5192 5314 16697 16889 19935 19971 27215 27333 29255 29358 32009 32444
5 4091 4110 12705 12724 14382 14639 18405 18417 26023 26123
5 11189 11365 20135 20278 23976 24042 27851 27975 30637 30795
