40
6 1443 1505 5796 5854 13675 13687 21074 21126 22845 22882 37460 37477
9 3810 3957 18628 18659 20105 20378 25732 25873 25890 25891 27135 27223 27287 27303 28067 28258 30615 30636
1 23193 23238
2 14694 14947 36118 36120
3 3433 3616 19908 19976 21593 21738
4 4298 4320 13026 13136 24885 24943 29278 29353
7 11784 12756 14663 14671 18287 18313 21020 21048 23147 23180 24268 24492 36989 36994
8 10504 10559 16005 16102 18067 18205 18210 18270 24006 24116 24529 24771 24810 24841 24947 25458
1 42058 42501
9 1996 2430 3269 3381 11449 11501 17424 17545 17902 18031 19229 19365 30505 30557 31352 31420 36392 36551
10 7731 7736 21779 21877 25575 25676 26247 26712 27582 27842 33171 33330 33532 33555 33622 34314 35332 35625 35875 35941
2 34641 34734 38066 38154
5 7325 7685 13648 13664 18748 19037 21155 21249 42745 42908
7 1080 1214 3630 3648 3669 3696 7010 7041 9137 9149 21289 21507 41600 41623
3 13830 13856 32069 32082 34908 34963
1 15161 15190
8 880 927 10712 11030 21941 22166 28572 28760 28815 28869 32049 32052 36997 37024 38890 38933
6 9286 9356 15192 15619 16848 17110 19594 19618 27978 28009 34364 34609
2 6693 7000 9614 10180
2 20868 20951 31899 32038
9 511 735 1610 1674 19763 19891 24141 24179 39929 40074 40580 40582 40729 40913 41026 41271 41335 41554
4 5891 6244 7162 7276 35631 35661 42525 42604
4 3112 3226 20596 20764 32946 33092 40172 40329
6 4949 4974 5042 5085 17580 17679 28376 28500 29598 29702 31034 31090
7 8105 8184 15659 15694 17247 17263 28321 28348 35797 35816 35947 36058 41758 41759
8 2563 2717 2979 3040 4730 4940 26733 26853 30398 30452 30938 30970 31784 31814 38947 39024
4 1695 1752 1801 1849 17264 17409 36663 36930
7 2869 2906 6342 6669 13472 13513 17753 17870 22503 22794 22911 22945 27345 27453
1 5398 5405
5 11057 11143 13311 13369 15868 15965 31561 31710 38470 38716
1 40958 40974
10 8264 8290 8348 8549 8744 8967 9095 9124 9240 9284 14168 14485 17558 17565 23322 23963 30788 30884 32531 32772
3 4682 4714 15016 15119 16550 16706
1 31185 31204
2 5759 5780 28286 28318
2 13531 13544 16407 16455
8 79 355 1766 1778 13597 13617 18408 18597 29965 29993 30250 30264 32278 32326 38741 38775
3 5234 5359 37675 37820 38272 38336
7 773 859 10219 10297 18616 18619 27094 27110 30137 30158 39392 39517 39572 39914
2 7747 8053 10688 10703
