50
10 214 297 2671 2811 4481 4542 4646 4649 5039 5076 5204 5302 13093 13138 28800 29131 32209 32212 40948 40968
5 715 728 30736 30842 30949 31073 31233 31312 35430 35584
3 17853 17862 27502 27507 35978 36370
10 2521 2567 5723 5753 15213 15252 37242 37263 37346 37389 37393 37546 37849 37930 38032 38092 40627 40675 47116 47191
9 3344 3364 3796 3813 5893 6205 14855 14909 18113 18130 28750 28752 30268 30366 30676 30720 50064 50147
5 17045 17198 37576 37783 44364 44434 46098 46106 48081 48091
9 15853 15960 16102 16334 16396 16406 16465 16812 16831 16867 16926 16964 16975 16997 20905 20966 45498 45566
6 17203 17253 23244 23337 24670 24708 24816 24872 25104 25145 48412 48506
9 5439 5461 9157 9158 9170 9231 9245 9461 21018 21031 21659 22067 26497 26586 46346 46427 49403 49673
9 13722 13765 17449 17492 17914 18000 33644 33769 38670 38771 38822 39186 39203 39326 39943 39973 47566 47597
9 6585 6601 9536 9606 9639 9715 9840 10291 10757 10965 11334 11447 11527 11621 35299 35327 42927 42983
1 46501 46536
5 3010 3038 4856 4877 12378 12395 17499 17500 23446 23468
9 7329 7373 15572 15656 23616 23632 32428 32479 39854 39886 40007 40041 41659 41674 42065 42113 44030 44106
3 4404 4474 29460 29753 35663 35673
2 31360 31361 40561 40572
1 11170 11232
6 17274 17312 26283 26290 42137 42350 42425 42692 44269 44305 46159 46306
5 14138 14150 24284 24456 30367 30385 43244 43613 46439 46492
7 756 775 1962 2006 3200 3284 19890 19914 27061 27167 40979 41098 41106 41222
10 4991 5038 20080 20108 22177 22210 32313 32356 32768 32947 33279 33309 33854 34041 39365 39461 41615 41646 47342 47361
5 5308 5375 20029 20070 36467 36575 43039 43202 46676 46880
4 8870 8923 13249 13269 19979 19989 45799 45884
10 1478 1504 1554 1675 1751 1755 1760 1835 1895 1904 1945 1959 2080 2163 2180 2270 20339 20528 34205 34309
4 4062 4212 20713 20733 24924 25018 36647 36712
3 25049 25086 34092 34135 48220 48289
1 35872 35967
4 7658 7774 10445 10702 34812 34924 35055 35263
6 26320 26398 27256 27331 27508 27535 29811 29816 31856 31870 37169 37170
8 3423 3639 7949 8098 8633 8767 12028 12074 13678 13699 39503 39561 40584 40596 45448 45472
10 302 345 3843 3916 6728 6758 6793 7152 8116 8134 8209 8220 8249 8262 8285 8290 31432 31504 31812 31828
5 74 89 356 374 2274 2322 24881 24884 27805 28036
3 8986 9134 40573 40580 46932 47100
10 5481 5577 13371 13563 13565 13674 14715 14745 14760 14780 15131 15132 23787 24001 27011 27037 28149 28602 33363 33427
4 12102 12210 26878 26893 41841 41865 47895 47987
9 12578 12894 27638 27678 36762 36772 38114 38230 40692 40761 47192 47330 47363 47397 49196 49366 49912 50016
4 19210 19285 19426 19464 19529 19557 21357 21564
5 19627 19769 31879 32063 33458 33521 34322 34805 40326 40391
10 13987 14068 17670 17782 18158 18224 18436 18494 18620 18695 18746 18770 30468 30553 36882 36962 44219 44245 48990 49074
6 655 672 918 1048 1080 1208 1229 1375 7168 7222 13151 13198
4 2576 2581 22471 22570 26831 26837 31370 31413
10 6300 6367 21052 21119 21236 21264 21583 21642 22627 22836 22934 22943 25371 25376 39623 39679 41278 41499 49849 49871
3 16008 16046 17385 17427 40107 40146
8 609 629 11727 11900 12404 12562 31552 31579 43761 43806 47854 47893 48746 48748 49682 49704
9 1928 1940 8317 8401 8481 8495 8503 8547 25476 25547 25669 25685 25778 25989 26023 26221 26448 26478
6 11482 11509 15486 15499 27445 27491 27709 27724 33169 33200 35676 35726
1 38470 38637
9 4663 4727 15747 15754 19103 19133 19337 19415 44710 44754 44794 44828 45030 45433 45597 45599 45635 45676
4 6262 6274 26642 26661 29976 30210 47408 47524
1 32515 32531
