20
3 0 100 300 400 86399 86399
3 1000 1100 1300 1400 86399 86399
3 2000 2100 2300 2400 86399 86399
3 3000 3100 3300 3400 86399 86399
3 4000 4100 4300 4400 86399 86399
3 5000 5100 5300 5400 86399 86399
3 6000 6100 6300 6400 86399 86399
3 7000 7100 7300 7400 86399 86399
3 8000 8100 8300 8400 86399 86399
3 9000 9100 9300 9400 86399 86399
3 10000 10100 10300 10400 86399 86399
3 11000 11100 11300 11400 86399 86399
3 12000 12100 12300 12400 86399 86399
3 13000 13100 13300 13400 86399 86399
3 14000 14100 14300 14400 86399 86399
3 15000 15100 15300 15400 86399 86399
3 16000 16100 16300 16400 86399 86399
3 17000 17100 17300 17400 86399 86399
3 18000 18100 18300 18400 86399 86399
3 19000 19100 19300 19400 86399 86399
