40
2 0 100 800 999
2 1000 1100 1800 1999
2 2000 2100 2800 2999
2 3000 3100 3800 3999
2 4000 4100 4800 4999
2 5000 5100 5800 5999
2 6000 6100 6800 6999
2 7000 7100 7800 7999
2 8000 8100 8800 8999
2 9000 9100 9800 9999
2 10000 10100 10800 10999
2 11000 11100 11800 11999
2 12000 12100 12800 12999
2 13000 13100 13800 13999
2 14000 14100 14800 14999
2 15000 15100 15800 15999
2 16000 16100 16800 16999
2 17000 17100 17800 17999
2 18000 18100 18800 18999
2 19000 19100 19800 19999
2 20000 20100 20800 20999
2 21000 21100 21800 21999
2 22000 22100 22800 22999
2 23000 23100 23800 23999
2 24000 24100 24800 24999
2 25000 25100 25800 25999
2 26000 26100 26800 26999
2 27000 27100 27800 27999
2 28000 28100 28800 28999
2 29000 29100 29800 29999
2 30000 30100 30800 30999
2 31000 31100 31800 31999
2 32000 32100 32800 32999
2 33000 33100 33800 33999
2 34000 34100 34800 34999
2 35000 35100 35800 35999
2 36000 36100 36800 36999
2 37000 37100 37800 37999
2 38000 38100 38800 38999
2 39000 39100 39800 39999
