50
3 0 100 300 400 86399 86399
3 1000 1100 1300 1400 86399 86399
3 2000 2100 2300 2400 86399 86399
3 3000 3100 3300 3400 86399 86399
3 4000 4100 4300 4400 86399 86399
3 5000 5100 5300 5400 86399 86399
3 6000 6100 6300 6400 86399 86399
3 7000 7100 7300 7400 86399 86399
3 8000 8100 8300 8400 86399 86399
3 9000 9100 9300 9400 86399 86399
3 10000 10100 10300 10400 86399 86399
3 11000 11100 11300 11400 86399 86399
3 12000 12100 12300 12400 86399 86399
3 13000 13100 13300 13400 86399 86399
3 14000 14100 14300 14400 86399 86399
3 15000 15100 15300 15400 86399 86399
3 16000 16100 16300 16400 86399 86399
3 17000 17100 17300 17400 86399 86399
3 18000 18100 18300 18400 86399 86399
3 19000 19100 19300 19400 86399 86399
3 20000 20100 20300 20400 86399 86399
3 21000 21100 21300 21400 86399 86399
3 22000 22100 22300 22400 86399 86399
3 23000 23100 23300 23400 86399 86399
3 24000 24100 24300 24400 86399 86399
3 25000 25100 25300 25400 86399 86399
3 26000 26100 26300 26400 86399 86399
3 27000 27100 27300 27400 86399 86399
3 28000 28100 28300 28400 86399 86399
3 29000 29100 29300 29400 86399 86399
3 30000 30100 30300 30400 86399 86399
3 31000 31100 31300 31400 86399 86399
3 32000 32100 32300 32400 86399 86399
3 33000 33100 33300 33400 86399 86399
3 34000 34100 34300 34400 86399 86399
3 35000 35100 35300 35400 86399 86399
3 36000 36100 36300 36400 86399 86399
3 37000 37100 37300 37400 86399 86399
3 38000 38100 38300 38400 86399 86399
3 39000 39100 39300 39400 86399 86399
3 40000 40100 40300 40400 86399 86399
3 41000 41100 41300 41400 86399 86399
3 42000 42100 42300 42400 86399 86399
3 43000 43100 43300 43400 86399 86399
3 44000 44100 44300 44400 86399 86399
3 45000 45100 45300 45400 86399 86399
3 46000 46100 46300 46400 86399 86399
3 47000 47100 47300 47400 86399 86399
3 48000 48100 48300 48400 86399 86399
3 49000 49100 49300 49400 86399 86399
