10
2 45035 45156 60182 82313
6 12404 37698 40280 43828 44611 46401 58958 59591 76882 77746 80605 85838
4 6258 7631 8982 32095 59415 65868 66187 77207
4 39991 64169 68957 72363 72564 75453 75676 86166
3 12610 17965 25788 28487 46329 77352
9 1402 2451 14123 16077 28322 28665 32172 35202 38342 42335 44199 45664 55832 56692 71045 73796 73903 85593
10 1828 2906 4395 7680 15724 19399 22122 23246 31693 34090 35353 41311 53472 66940 71062 79800 80826 81296 82120 83986
4 2379 7772 44256 52948 55016 74379 80859 81442
6 4357 9851 13228 24817 28714 39838 43440 46360 48720 56137 56495 86175
6 23753 30716 40794 43987 58100 58241 58400 58713 63183 76090 79228 85055
