10
10 222 5256 6793 8194 8494 20447 21379 27991 28110 36165 37533 42549 47582 56851 64089 69072 69201 74574 79404 82061
10 1558 10499 12693 14718 14975 19343 21115 24659 28172 34926 35269 44501 47503 57123 58717 59819 61640 70735 75973 84513
10 7960 8558 17709 17871 28855 29781 36005 42833 43433 44742 46994 51065 55095 57456 76516 76726 77312 81001 81369 83773
10 1109 3884 13824 18907 25736 27164 36406 41204 47816 55881 56863 59553 66577 68811 68985 69284 71490 77747 79928 83479
10 2632 3332 14474 22767 22982 23807 28670 30755 33419 36729 44174 44757 47113 50027 56489 57160 57650 68352 72569 77289
10 2235 9579 15025 15130 17863 24319 28966 30294 30785 33070 36289 45787 48074 52070 57389 60241 66830 79354 82408 83991
10 11725 12320 16464 19118 21871 24699 34935 37372 38493 39150 44661 46100 47088 49914 54326 55737 68940 68963 74280 76519
10 707 1621 4238 7646 24657 27187 28792 33479 34968 51267 53167 61467 64549 65560 67830 72913 74115 75541 76338 85484
10 1728 3683 9019 10884 11746 12848 13029 13626 15421 28494 29624 41311 46225 50593 51923 70773 78592 80043 81146 85503
10 4077 7520 7849 12212 12240 18025 19616 20494 22867 25998 30847 31183 32564 40329 45737 49928 67936 68835 71653 74148
