20
6 9234 21122 31402 39713 47347 48645 59332 59629 63340 68664 70879 77493
7 13671 16260 17406 26923 27410 34230 34348 49981 55066 58309 64985 66405 80079 81563
9 14911 22046 24898 26118 29507 33907 35451 36080 46758 49059 64302 69052 69976 71566 77213 83774 85110 85593
6 6927 21114 31347 33897 38876 43368 45255 63278 66032 71446 72231 74980
2 8291 19410 28760 59727
7 682 5408 16238 20275 22023 25350 30427 43369 44588 45291 50756 54683 65985 86272
9 5759 17042 24315 26877 27983 31784 31877 33079 39381 42813 56100 60725 63032 64359 70624 75135 78758 85994
4 2945 7975 12288 25694 69771 70778 74705 85152
8 15576 16024 16413 17072 24514 32434 33948 40507 46938 51010 67782 68141 68728 70101 83413 83592
2 5792 21080 34107 53057
3 140 1878 14255 46925 50063 82833
9 9381 10747 12502 13340 21380 33762 39643 48060 50298 51994 52495 52777 59430 65150 71097 74233 74920 79645
10 3047 10505 18489 36412 39102 40713 43673 48267 57023 59565 61146 62519 63455 63947 64211 64487 66134 68086 84122 85824
1 45516 72783
4 7086 8649 11417 69084 70379 78283 79521 83893
9 1675 19623 23076 26012 28836 33713 36669 39774 39820 45730 57480 58333 60813 64025 68547 72362 73321 73416
5 1953 4169 9243 22369 24428 34984 38980 68750 78401 83294
9 1838 1887 5973 11955 29736 36629 39351 43789 45003 46626 46979 47277 47602 49793 53607 59732 60668 62719
3 21812 32222 40569 43656 47285 81573
7 3826 5464 36268 45033 49845 53889 60346 69520 70651 71101 75907 81113 82241 83092
