20
10 1305 3556 7836 10029 15075 18513 19047 27230 27242 33923 36867 44709 50373 55034 60723 61529 67534 78604 84585 85784
10 9039 9480 16430 19364 21750 26977 33420 34098 45685 49208 53859 56437 56557 58863 64470 67761 69438 71464 73368 86354
10 222 3723 4137 5074 8526 8566 12490 20852 28067 38859 50051 54140 63043 65542 65576 71532 72812 79031 80413 86195
10 9312 13932 17525 17924 18701 18734 21221 23730 25673 26044 41673 43719 44035 50934 61551 71772 72701 75348 77802 85950
10 2974 3328 3697 5298 6083 9910 15164 17941 22162 26892 35363 42509 48944 54921 61613 65152 78525 80570 83970 84805
10 606 2018 9754 10438 13807 15088 17606 25032 26786 27415 28216 31818 35551 37675 38857 47858 69061 73828 84160 85416
10 1753 1977 9026 20773 21892 27042 32484 32870 32999 35687 41672 41707 52992 59988 67559 73108 78823 81561 84731 84831
10 4227 5773 10257 16481 28375 34012 39553 45411 47570 48568 48827 51091 53467 56185 64267 68004 73318 78100 80352 84303
10 677 4966 8615 13348 15921 21210 25990 30082 34267 34384 38706 40128 49467 51131 60976 64914 74041 80941 82292 82405
10 8610 11456 20139 21298 27501 30347 34881 39875 44158 57104 64957 67281 68110 70563 70668 71001 73887 77244 77586 81016
10 6159 11815 12367 14968 15169 22242 23971 37836 49326 50173 52086 52858 58343 65206 66144 70492 71104 72843 73133 80987
10 8045 9579 11132 12519 31311 31501 32197 33324 34011 41213 41962 42997 47972 67859 71308 72586 75191 82163 83232 84991
10 9003 19813 20109 20604 25216 31118 36992 45535 47712 53960 56283 57456 63167 72720 75797 77105 79597 81029 81920 82376
10 184 1638 4674 4731 9467 11578 15691 18130 18831 19334 31286 36488 42178 50591 56790 57055 58475 75587 79201 83714
10 2621 3481 7276 14497 15748 16910 17092 25692 34790 35597 36837 37255 45790 54685 60913 73748 75439 76082 78181 85449
10 2113 2780 25133 29128 33690 34285 34637 34664 41360 51818 52194 54934 63200 65465 76088 81830 83246 83831 83973 85113
10 9008 9685 10883 21340 22355 24961 31284 45231 48724 51909 52625 58425 67810 68016 70898 71506 72808 81519 82414 86133
10 1442 5830 17796 20924 24879 29372 30389 34477 36604 37948 40802 42649 57801 62068 62772 63570 75610 80131 84720 85918
10 1110 2719 4511 15291 23638 27847 29982 33188 45423 55175 59216 64957 69095 69127 70929 72492 74279 80995 83695 83804
10 3376 12581 13461 14856 22909 23544 24159 28877 33283 38585 39916 40723 50436 50653 52274 52693 68020 79576 81933 83245
