30
3 9694 17646 46364 61898 65242 74923
8 1040 18511 25934 30700 32760 35872 36056 43293 43947 49314 52433 55515 57898 59943 66321 75616
7 7347 8258 21567 24559 34994 36700 48435 52089 56756 60630 68920 70106 82350 86262
10 11905 18585 19333 24257 31252 35992 52175 53573 60315 63567 63608 66526 68212 68216 68506 69956 73758 75693 78344 81109
9 4083 4850 6305 10897 14347 14737 27949 30454 31106 50944 51525 56309 66901 67922 71115 72264 72468 73902
4 19110 24805 44702 54208 56361 76415 79636 82019
4 19484 23698 25800 30657 47844 54577 80561 81752
9 604 11293 11624 13837 14268 23231 31681 32091 41080 51382 56437 58536 62934 64560 67356 71377 71585 79214
1 19766 20624
4 6894 22143 70235 70916 75693 77734 78339 85006
4 4356 11072 41497 46266 49157 63111 68124 76852
5 21816 27213 37495 38494 45371 48472 66260 66692 80646 80657
9 4291 7894 18810 24504 25357 25647 28888 29609 51957 58016 59990 60140 62184 74433 76368 79231 85420 85796
3 1442 47957 65514 68627 74558 75697
10 1032 7381 10474 13736 13995 16449 16774 18165 21281 21846 22689 25641 25792 37736 39781 56495 65032 69442 79830 82310
10 7494 20437 21975 22686 25996 26105 30342 40542 41449 43593 46468 53404 54147 57436 60201 60369 72036 74496 74912 81973
9 2231 3823 4047 12855 23822 29324 37295 42764 47623 51472 51540 52807 52926 55967 56078 57152 67731 86166
4 10016 10032 14974 22338 23432 38086 64760 76147
6 892 5388 22291 23703 40041 40377 41036 53476 56623 58475 73932 80251
8 1577 1946 3102 13074 13956 17560 27030 54330 55712 60487 61390 70823 71074 80692 80997 83956
7 7906 21534 26557 29286 36300 37005 43622 45411 55795 57002 58832 66692 78693 81830
1 17149 30196
2 1890 37482 58644 80281
7 5093 22333 24003 27420 30319 39761 60714 64744 67539 72751 74772 77835 80328 85055
2 4070 9713 59102 73306
2 12874 29732 32418 75893
4 6161 9257 30616 38905 51720 67378 67528 80770
10 1889 6703 15300 21576 26058 29471 29770 35224 35702 36348 39051 44851 48048 55182 71067 78243 78601 79551 83132 85622
3 788 2588 5647 15940 67880 73337
10 2423 3527 9736 9922 18562 20349 29378 34546 35752 44856 45590 48896 49600 53123 59959 61166 65466 67169 77349 79982
