30
10 5245 6035 11523 13106 24103 25391 29891 35259 36001 39975 45365 51827 53182 56074 56706 60306 66896 76296 80826 82715
10 1168 2373 11551 16417 23582 31550 42311 42946 43918 45972 47679 49358 60044 65331 67490 72707 72893 78023 79449 84930
10 209 449 3334 6924 7687 20341 24419 27742 29166 33011 34183 42837 45535 49826 50578 51882 53896 61899 81678 85941
10 5289 7787 8323 11803 33105 33330 38957 39272 42997 48857 49591 59786 63313 66791 72743 79232 81198 82658 83004 84054
10 5593 5604 10247 11937 12616 13371 39652 40619 41878 42733 54602 55871 56262 58055 59136 59261 59354 59484 73376 76749
10 3167 5195 12018 15209 15502 23540 23856 24657 26085 35744 35988 40022 45120 47124 55122 64082 65880 73684 81187 85228
10 4930 7572 7984 8669 22269 29880 32992 33784 35625 39732 42521 46766 51103 59910 62917 66251 66397 70514 81993 82864
10 1695 3164 13181 21879 29612 29838 32615 34167 36962 41196 41460 43669 45479 52616 53513 64708 66947 68022 81471 85177
10 5654 8256 10575 13235 14476 23897 25481 27893 29054 29101 30395 32002 37907 47533 53011 55292 63510 68695 75003 76591
10 309 1449 2009 10206 13065 18876 22640 25041 25697 30286 37260 45099 53228 58794 64907 65124 67307 74182 75062 84039
10 2453 4912 6678 12486 13204 18864 25542 29623 43725 45955 46232 46515 49637 50342 65312 65648 73302 78544 78727 83499
10 799 4490 18390 20307 23682 27420 28258 32066 35751 38149 41501 52868 54901 58711 64538 64672 67339 71225 71349 86009
10 8006 15583 17476 18898 20428 26226 27291 28613 30873 36765 40746 43280 44878 47025 49041 52154 59165 59216 61696 83461
10 1000 11150 14509 15224 16170 18126 22209 25643 25712 28679 38427 38819 41548 45672 51521 54735 58727 74382 76305 82081
10 13394 22542 25162 26038 32583 34472 35212 41123 43468 49384 52116 53136 55725 59632 67829 74017 75321 76352 78290 81986
10 781 4125 4613 12254 12310 15330 21008 25031 27275 33046 40005 53860 59614 60405 61278 62295 76357 79510 82820 84952
10 5099 10843 15001 19654 31999 32283 32493 37035 39558 42611 43477 45186 50152 55064 61636 67918 70418 75943 80982 84206
10 2055 18125 18378 21664 24343 36060 38389 40975 41403 42054 51754 55637 56107 57038 63555 70673 74225 75553 78423 86371
10 118 7147 8437 13181 13630 20127 38874 39117 40087 41589 45834 50332 55932 56718 57345 62552 69021 71153 73897 81368
10 1254 7002 9218 14749 33155 35803 37074 42334 43714 45093 51315 61249 67088 68330 68557 68707 68843 75267 75578 82666
10 8119 13281 24164 25445 26627 33499 36139 38080 45101 45595 52964 57088 62143 65123 67316 71944 72535 78360 84674 85450
10 1641 15440 16106 17283 17908 18533 20282 28070 29203 30572 36975 37347 46132 51963 54885 65581 73081 74792 74993 75316
10 2115 13436 13708 17620 28589 30985 33331 33411 37953 42091 43262 55814 58087 64934 70020 77124 77280 79264 80538 81952
10 8450 9472 14648 25857 29046 34834 35613 38553 44238 47442 49263 52799 52876 55298 57975 59865 61078 69649 74024 83003
10 7737 16634 17268 20568 24090 26354 37021 37335 41634 42109 42705 42930 45487 48413 50196 70276 77906 83452 84867 85732
10 15 11355 15874 19387 22097 26394 31225 34604 36087 39497 45829 49671 52445 54944 56240 59849 63382 66494 76637 79077
10 6923 9923 10081 22754 26109 26981 38624 39863 41642 51492 52533 55863 61640 64174 64208 65900 70734 74583 78348 80395
10 416 1665 6859 8588 11677 14847 15057 17674 23658 32846 39662 51752 52415 54609 55761 69793 75572 76170 80205 83330
10 3132 3149 3919 7377 24111 36205 37950 49836 54219 54870 57974 62243 62913 66062 75756 80394 80447 80886 84540 85327
10 7506 9738 10881 15569 17470 23199 23921 37977 38512 42086 44027 45042 46325 48771 50750 51284 56834 60864 67242 85403
