40
3 37372 41504 43575 57613 68873 72497
2 6362 29821 30545 69935
3 13005 20430 28979 67844 73015 82337
5 4492 11063 15440 16783 38538 38701 49547 53033 68812 84055
6 9374 27002 27194 34598 36397 52899 54898 62866 67234 71173 71438 72418
6 10244 16410 30028 34204 38951 40320 47093 49222 51729 71638 76285 79666
8 11125 17893 20500 21204 21591 31125 40273 44019 52466 56808 58353 58701 64987 70964 74982 82148
7 2409 4490 6088 23625 25008 25847 28953 36329 37879 43445 43727 55334 57018 73086
9 532 10291 10781 20057 22769 25485 30907 33093 37578 38876 40933 43579 48294 49685 53350 66315 82683 84521
2 24954 58469 62692 74842
5 40475 40961 66314 66614 75091 79370 79732 81115 83833 84730
3 6953 13697 33938 37535 37572 38716
1 54475 61172
1 50776 66743
3 35294 39348 46523 51894 54037 78451
1 28159 29214
2 39465 46723 77988 86302
5 4204 4653 23175 31428 36790 45975 51476 60703 72853 73784
3 4338 25479 30699 54722 73753 74112
4 751 10474 11196 35131 37021 46084 46813 57651
8 6440 8792 14555 16796 21848 23343 25328 25600 32164 45167 49607 50909 63970 72023 80618 86146
5 1560 1956 10220 26912 30806 32692 33708 38299 41331 83957
7 598 6192 6676 19770 19821 28431 39526 40574 44738 49759 54302 58828 74330 75338
6 4119 6518 14381 16158 33562 46470 51905 55159 56650 66472 75596 78704
6 267 12010 16197 18407 21197 32905 54321 54637 54956 79591 81797 83760
7 17589 31929 36704 40301 48397 61089 61425 61951 66295 68149 71153 73695 81582 83157
10 9921 11282 13425 17205 21818 30241 37087 39558 43699 45152 46641 46996 48602 50649 54337 56875 57058 57125 70934 79698
5 587 3972 13408 44209 44937 46432 61254 66248 76254 78472
9 4307 6644 11165 15721 22515 28535 31171 33674 36418 42476 46523 50176 52080 54286 62855 75653 79032 84531
9 15414 16495 24951 27507 32226 33168 33219 45245 46202 68069 69982 70914 71492 76124 77956 80086 83405 84828
1 42662 79112
4 2463 9519 17578 18259 22641 23924 31050 53738
7 4694 15495 16045 32231 32613 38004 39673 46837 50584 59628 59978 67295 70784 80454
7 17257 17284 20113 26407 28056 35565 45260 52824 56617 60058 64417 74041 83889 84112
1 22555 25014
8 326 17631 18235 23156 23473 29946 37888 43959 47745 49508 51328 56544 58772 62117 65499 82780
7 760 16766 20208 33513 34131 63221 68475 74703 75131 78704 80863 81549 84779 85591
2 18441 32279 56811 63497
1 43518 46488
9 1616 3607 4983 5793 10245 13472 14200 22910 25771 26553 34492 46933 47809 58318 68155 75448 81338 82500
