40
1 11132 39938
1 65793 82228
1 35960 82772
1 18859 80387
1 15423 57831
1 9257 75163
1 47577 49664
1 21078 50258
1 23379 66328
1 57863 85562
1 36504 41380
1 22654 85597
1 23920 26080
1 76569 79569
1 59355 86252
1 9649 35455
1 18697 77868
1 8312 70022
1 19860 38328
1 64206 85434
1 41855 53038
1 22823 73354
1 33592 48730
1 50340 73145
1 48431 70764
1 20322 80900
1 21198 82406
1 24262 53656
1 701 24936
1 4575 69085
1 34410 74555
1 25967 83518
1 4393 69063
1 68408 73566
1 69985 78188
1 10207 37812
1 10599 66940
1 56089 84117
1 26630 66039
1 7437 47282
