40
10 4039 5120 5766 9971 15033 16938 17229 17470 20490 23730 34767 37270 39607 40282 44447 48390 50108 76900 80635 81193
10 11847 12393 24019 30689 35432 37647 39367 45034 45649 50616 56853 64131 68709 69519 73939 75277 75659 76139 76796 80388
10 7169 12032 12364 16348 21103 23612 25866 29853 36442 41865 45222 46358 47787 49649 63648 66088 67935 68405 78252 78953
10 2370 13573 13742 22876 25074 27024 29814 31041 33614 34376 42987 45408 49204 51233 53120 54595 55028 55276 64402 64790
10 395 2666 4556 4990 5404 6468 9376 11208 24814 30164 35771 38006 62395 65089 69250 79028 79113 82342 82690 85126
10 1089 5583 8544 18448 18857 30526 38217 39992 44655 45485 47268 48377 57239 59668 62919 67303 69594 75945 84369 86364
10 930 15596 18128 21428 28096 31073 31743 35424 36655 37558 41649 42553 43781 45376 45625 46572 61216 79229 79396 83517
10 1161 3619 15338 21556 23056 25874 28893 29341 34019 35215 41448 41509 44064 51533 56874 69181 74173 79346 81202 86243
10 2907 4966 9401 11581 13482 16043 16909 24120 25486 30595 33887 39321 45897 50746 58455 66448 73291 74862 76780 78206
10 11212 12095 12721 17254 18350 19662 21069 22535 25069 27405 29187 31656 32646 40677 47198 48883 48958 72363 78574 84063
10 3562 5450 11141 11418 12823 14862 17859 18995 36893 37182 38670 40007 47900 54833 60887 70167 76923 77953 84131 84580
10 13633 17626 28371 28919 30060 30448 33250 35430 37687 42805 50916 54847 56756 58114 59999 65243 67294 68218 68867 69010
10 18539 19740 25824 30806 32626 33126 36695 36852 43088 51344 53866 55738 57300 58358 62829 70696 70706 77686 79815 85372
10 9926 10265 19631 21236 26014 27178 31972 32868 35304 39082 45727 47065 47723 52465 55779 63721 68672 70050 82684 83557
10 5027 5092 8496 14612 18444 24432 35473 39734 40715 51449 58487 63748 66315 70870 71241 75158 75617 76436 81934 85707
10 13845 16465 17729 22274 27285 28228 28241 32388 35457 45552 48653 49360 50541 58103 61514 64321 72602 74994 75225 83161
10 639 6393 12661 14699 18225 24017 24505 28913 34796 37579 46891 48211 48513 53120 55222 60726 65507 68148 84321 86115
10 3874 6619 8765 27518 30945 33769 43086 47115 47303 47947 51954 53531 56670 57043 65572 72111 74899 76699 81231 84644
10 101 2156 4379 12720 25708 30804 32078 35331 38787 44789 48917 49451 56184 66043 66945 67702 67772 80734 82736 82980
10 2028 8759 10186 17723 25819 27883 44387 45250 47485 51281 51767 61753 74521 74853 75035 77462 79315 79985 83904 84012
10 1379 3732 4362 4638 14606 21017 21138 22314 31756 37614 38272 41399 42888 46295 47489 62530 68302 72040 74576 82495
10 1457 1889 16754 20996 25180 26130 33790 39337 42644 43126 44497 58750 60072 60567 64782 72632 76304 77948 78926 86261
10 4604 8579 16236 24524 25513 28201 30963 37963 38280 45317 51602 56438 60120 63504 63779 64047 67260 67652 72335 75779
10 1808 10310 11983 16024 17463 20532 22611 28164 39241 51728 52087 52332 52772 55701 65386 69272 72970 77325 79534 83673
10 5809 13117 15146 19924 25388 31061 36383 41435 44912 45312 46672 52462 53085 55611 57460 57715 58340 70985 80757 81223
10 1325 3572 19055 20719 20968 25283 34034 43712 46287 47616 54898 63958 67789 69202 69518 72756 75708 81958 82522 85003
10 2567 5515 6653 9367 9909 11469 23177 26878 31837 34607 43725 54742 57311 61391 62612 68873 69953 78552 83901 86344
10 2904 5442 15713 16988 18042 18794 19617 23552 31361 32084 38389 39868 41425 49670 50091 53882 61559 62669 66397 76460
10 511 3226 5272 6896 16159 16418 17962 26721 29575 29947 30320 32504 34490 38188 51454 59675 67084 67214 73195 85783
10 3350 3933 6085 14076 14621 18900 35930 37413 39143 41784 42768 47510 52264 54288 54554 54657 67360 68220 76662 77117
10 6431 14794 19979 25555 29151 31317 32682 36957 45691 46679 49738 51637 60053 63148 66088 72485 73895 76108 85423 85709
10 7501 11227 13514 20831 24194 29862 30750 31599 36098 37185 38309 49103 58257 59884 60372 62342 69330 70580 74048 77259
10 1601 1629 1642 1666 2876 7402 9897 12519 15180 18188 26789 49576 51190 55518 62452 67868 74977 76950 78357 82517
10 2753 3027 7366 8124 20599 22072 28265 34211 36706 37605 45377 47463 47718 51080 53395 54381 62162 70847 80744 84440
10 280 4831 6283 8343 10394 12929 16600 17151 21867 26716 27227 41067 48641 51947 53055 60742 65580 73409 73731 79407
10 9905 11786 14692 15972 31121 32010 34074 46059 55529 60220 61704 64660 65199 66656 73154 76208 76745 78067 79301 86179
10 10165 11703 12710 21516 22124 25562 27187 31126 31252 35382 41152 48179 48349 53138 55906 59994 63629 75574 76681 76744
10 4574 24666 26153 26882 30722 31795 32856 34745 35716 42926 43321 43800 52723 53696 59249 61780 68547 74233 80686 82645
10 592 6253 9948 14508 15333 15390 18792 20182 24712 28928 33852 34166 34927 35782 41181 41823 42328 56869 82855 83519
10 8038 9191 11206 20428 22430 24965 38432 43541 45826 49048 55457 56725 64087 66369 68498 72556 75773 76884 79801 85492
