50
6 4920 6418 28006 36938 47625 49502 55782 58264 71140 76469 78909 81990
4 2573 7322 15215 20264 20526 53604 73694 83303
8 1789 8377 9103 17197 18304 35775 40459 43524 55705 58152 68891 69799 71213 71495 80214 85824
5 11913 17985 24051 27264 29648 33546 33547 35740 82285 86237
9 673 7393 11653 20417 31954 36063 40896 44196 47516 48050 50547 52407 61672 67370 70040 74401 79427 81769
8 8570 14133 14579 19284 20275 22324 29389 31176 33403 34504 34713 38942 66187 73288 73647 76740
5 1025 18790 30388 32306 35149 40220 67404 69580 77294 81011
5 14569 16221 20932 24656 27048 44289 50704 70371 81728 82131
2 25463 56423 60701 82649
2 26602 48202 64878 66968
8 3466 9972 11636 11721 16748 17673 20798 32685 38578 42725 46705 46977 48693 50781 82510 85959
9 11680 18022 20699 21199 32604 34856 39290 39567 49725 53423 56997 62314 66912 67222 78014 78585 82114 83865
3 18621 22766 31462 58422 59796 61153
10 760 6356 8957 11876 21220 23851 25436 32025 33759 53986 55637 57827 58772 62768 70142 76723 79028 79584 81325 84707
8 3107 15974 19606 19787 38968 40330 43017 57951 62496 63246 65149 68013 70481 71222 73165 85269
6 1964 7405 20124 22732 29206 42065 45563 46091 53995 67012 70689 77327
5 3358 23327 23381 26710 29690 32423 37850 63785 75775 81018
1 41858 48093
10 7881 9783 15529 25353 31279 33730 42989 52116 52402 54490 60802 61742 61903 63352 64184 75277 75974 77708 79667 82392
5 5397 11423 12145 13152 25971 27142 30789 62014 68303 77666
10 17615 18100 19297 25199 25420 34333 39386 44804 45075 54602 57315 63914 64785 70181 72813 77121 78143 80112 83199 86330
1 6871 69135
3 25141 52074 52283 62894 66250 71997
4 19168 22931 25564 35024 39023 51639 62161 81058
2 5165 32565 44318 55533
7 12466 20247 25072 43533 44071 44916 51330 53531 60998 70606 79783 81505 81664 82146
7 3204 5710 7476 7510 17935 18392 26136 28774 29016 29196 40746 42518 71258 73478
7 1132 3741 20546 21847 26465 33205 34637 38467 45193 48371 52896 63032 76522 79491
7 7199 10577 10954 11174 14044 18682 32868 38827 48542 53636 74008 77833 78158 83710
6 3742 13956 15647 18394 29331 31982 33346 33703 48795 63192 70555 80564
1 38853 40573
7 7841 9265 16541 17035 26304 34693 42154 42965 50892 55800 59909 68723 70033 85706
3 19052 23902 28908 52005 72833 80013
7 3798 9615 14533 18459 21982 28736 31592 37751 43257 47124 62860 63827 64999 74368
2 32721 68813 70116 79722
2 24127 36292 38596 84102
8 7042 14715 21872 23815 25667 27656 33575 35617 39039 44540 49614 55095 60070 69796 74253 74758
10 5004 5436 6496 7201 10136 24514 28136 28338 30741 32877 38978 39240 54384 54397 56986 61847 67077 80545 84969 86185
2 2999 11402 74506 86362
1 33349 63614
5 6187 6804 32846 35259 41919 76029 79643 80756 82120 83555
9 46 1434 12464 15919 20855 21233 22194 23393 30915 36054 36357 41025 41228 49544 53097 66435 80953 84112
8 9055 12243 13169 16412 20117 22076 27674 44885 50068 60527 71195 72681 73019 77350 79029 81217
1 82617 86148
4 3625 5482 9864 44699 66393 71034 79053 82151
1 53738 55837
8 10731 17455 20655 31824 33112 52757 59330 61886 63202 66774 69743 70854 73536 75543 76161 84702
9 2241 5919 10463 25994 26417 32453 34445 43647 44565 50752 55250 59013 61497 66279 68271 78579 81369 82304
3 4739 11893 44735 69648 76789 83839
10 580 4056 10179 13590 13655 21578 25254 28476 29125 38182 39305 40690 45789 47277 62234 71430 76697 82926 84429 85386
