50
1 7767 53374
1 72279 86027
1 45609 86336
1 38760 46918
1 20763 47478
1 42601 85867
1 20628 21025
1 34839 71312
1 2359 6039
1 9997 56034
1 37642 41308
1 70088 82392
1 14949 75459
1 7684 29762
1 26277 36900
1 8332 26825
1 4011 60874
1 83766 84296
1 3115 72872
1 42193 63432
1 23868 55551
1 54011 56944
1 4375 34658
1 6314 32205
1 14016 80966
1 34405 85853
1 1383 39257
1 3079 59575
1 3010 47000
1 58847 65914
1 65492 76482
1 74464 80338
1 17401 72296
1 749 77305
1 30291 62601
1 31983 63644
1 3696 11737
1 8906 53140
1 52391 56152
1 32143 40390
1 39723 79871
1 23042 32105
1 9985 61356
1 37310 86024
1 47571 73559
1 59682 66561
1 24010 48182
1 28171 68306
1 6983 21370
1 11873 22144
