50
10 3172 4093 5257 15472 16263 20730 20847 26525 27683 40399 46198 49707 51369 56171 59970 68766 76541 77800 82392 85755
10 1009 3512 11531 14351 15668 16423 18565 22414 25936 44744 46950 53249 53681 56009 63135 67755 69429 70934 79200 84840
10 2122 4688 6085 6399 8375 11912 12166 21017 24353 37612 39046 42363 43553 44829 47209 51816 54152 66741 81868 85715
10 202 7978 18281 19201 25913 27135 29084 40444 41805 46081 49998 54973 56027 64742 68277 73092 78545 82720 84736 85519
10 961 3534 6987 7067 9514 16636 20034 23740 35343 38063 38066 44181 49331 49844 57284 64724 65694 66883 73708 77297
10 8509 12568 16684 20281 20622 20948 23264 36974 37409 37672 45850 53259 53510 55678 56961 68220 70270 77095 82361 86149
10 7677 10902 12880 16364 23316 29799 39511 42850 44539 52551 59182 60061 60876 63713 78048 83801 84432 85513 85786 86193
10 1751 5381 7237 15699 21506 24116 33781 40750 47093 56024 57033 57255 67441 70519 73309 73836 79224 79514 82106 85782
10 510 1712 3913 12459 18502 20376 22511 23086 31953 45557 48245 49218 52455 56582 57360 58516 60092 62119 67634 70783
10 2597 4969 6218 8846 13668 21223 23507 29760 39125 41208 42469 45767 49165 52867 53568 53802 54993 64826 66885 80463
10 4682 13673 31697 32827 37963 46278 47068 47085 49162 49886 55972 57676 68593 70402 70985 75605 78293 80561 82715 83519
10 860 2180 6506 7405 9176 16716 21381 22409 25011 32838 34696 53552 54173 63616 68374 73426 74858 80975 81590 84696
10 1949 9348 11608 20759 24729 24939 29620 34867 37531 43594 51165 56094 60250 60752 65533 67372 74533 76687 78512 79126
10 10869 11389 12783 20615 23191 37986 38323 41145 41314 50638 56996 57764 62712 67945 73888 76601 77940 78818 85548 86248
10 6199 17471 18857 24641 26385 31264 34276 34934 36351 36835 37187 37366 41839 41981 45374 47292 52130 73085 80775 83166
10 759 10014 22151 29088 32811 32944 37913 47604 51004 56662 58198 64243 66191 66787 70752 71991 72913 76974 81416 83541
10 17759 19751 22953 24566 31635 35829 39851 48014 50040 51111 56080 63126 64135 68679 72368 73699 76421 83745 85690 86269
10 1707 8441 11062 15540 16474 21218 34887 35222 38767 42806 44366 50961 54886 55197 56030 60164 66205 68174 68808 77727
10 15263 16325 19355 19910 21445 33847 36243 42047 44773 54971 55474 64901 66928 71245 75183 80668 80746 81980 82814 83684
10 502 2314 6770 9331 9738 19670 23578 34711 35451 46948 53214 55582 57311 71570 72921 75463 77060 80329 81743 86201
10 1933 5346 6167 14531 28142 29553 33007 35299 41466 42274 42591 53178 58332 58873 61729 63273 67497 71810 82385 84027
10 4470 7028 19243 19288 20233 20411 21498 26200 27841 30694 36184 54070 57633 60782 60986 71498 74242 77719 85275 85446
10 8561 10331 16460 19661 21289 26316 31115 34021 38104 38162 41168 42755 42895 43691 47748 50381 56297 66196 69305 84961
10 1489 3592 7946 9383 16653 24906 26533 40319 42610 44126 54073 54661 55891 56226 57214 58078 65672 71282 71822 74649
10 14663 18541 21693 24029 29107 29473 32624 42664 43538 44540 49113 51739 53953 57112 58880 63265 73372 83563 85431 85658
10 863 1534 5848 5860 9559 10002 11408 16573 24817 29082 33273 33399 34567 37027 38601 40083 46401 51864 57003 66445
10 3450 10016 10539 13806 15858 17194 18563 28618 34407 37270 44889 54304 54998 64333 66617 73521 78251 81570 82721 83641
10 2476 3154 4090 4812 6394 12891 17647 20321 31940 42315 42407 47968 49693 53070 57499 62864 63591 71105 76601 82768
10 22497 25128 25728 28561 36649 37682 40784 46424 47116 50448 51791 56067 60628 62338 64900 65902 66126 66262 80231 80476
10 2205 8856 13979 15101 19937 22430 22793 43636 45827 48809 51729 53797 64724 65362 66204 67418 67531 72070 76712 79979
10 2076 9381 12616 19980 24132 27157 29726 30684 34948 51438 56970 60062 63601 66659 70886 77169 77527 78260 79746 83919
10 2328 16372 20664 21582 21655 29061 29783 30495 32138 33197 36385 38605 43183 45746 47923 49463 64769 67953 71671 80078
10 9711 10060 19561 23197 32154 35874 42048 47351 47970 50167 54619 54721 59395 60260 68511 73203 77688 81401 82219 84142
10 1984 9016 12122 12603 15573 21105 29675 30937 34019 36806 38628 43019 45959 55460 58954 60625 65767 71965 72842 81557
10 2994 5697 9081 13520 18876 20870 25477 27283 37671 41088 41950 43248 43446 44778 66909 70796 72159 78157 79547 83740
10 11700 13332 17164 17212 20387 22621 23247 27124 27751 32393 40292 41712 42210 47897 55163 64318 71145 73505 74353 82273
10 826 3588 7124 14660 16047 18040 22157 22718 25316 27147 32197 45551 47771 49479 56619 58908 69096 74612 75397 81418
10 4719 16243 17200 18601 22344 24226 29971 30806 31611 33044 34659 41117 50345 59686 61262 66705 67245 67519 76460 81047
10 1008 8772 9915 11968 26209 34115 34198 34557 34914 35659 35887 45000 46767 52035 54304 55257 59435 67142 69080 82145
10 3212 5138 15179 16609 20016 29574 30830 35633 37604 44666 45059 47287 51086 53228 53650 57501 67775 82886 83992 85637
10 1176 7162 7504 11050 11871 12990 26142 37835 43649 45859 46116 49254 49516 55575 57398 59940 61725 63292 65372 70662
10 7402 7484 13135 23933 30498 34413 36712 41418 43170 43789 55004 62971 67098 67754 69880 70309 78729 81095 82447 84863
10 229 3688 5205 6700 9362 16945 20656 25776 25790 26076 30916 32563 35904 43233 43920 46372 51855 58306 68662 77841
10 2668 4109 8739 9363 12085 16712 26494 31897 37634 41552 41606 44134 48151 53292 63086 63651 63795 65202 70904 75917
10 255 1025 4532 5523 8868 12671 21236 25100 33799 34035 34599 34816 43860 58230 66186 73723 74638 75933 81670 85282
10 3426 3569 4076 5639 9140 15901 16568 31277 33983 39852 40516 41995 51754 51808 53079 66160 67847 71754 73577 84479
10 3227 6864 17682 21738 30437 31684 37273 38042 39583 44105 44419 44673 45350 47348 53203 54782 58955 62705 63663 85275
10 24 363 2652 14583 17492 20299 20592 26174 32371 32599 41084 41255 42199 47055 51841 51922 62234 64705 76571 85063
10 353 919 2187 10217 13326 17983 18980 20784 36243 39717 41083 48016 48292 49069 52068 58794 60904 70358 75823 84726
10 2403 3383 5910 8635 11769 12844 13541 19105 21637 24600 28169 31405 37097 40194 45066 50434 53270 56206 60360 83760
