1699575
1699815
1052535
1052536
1052881
1052833
1052839
1052834
1052762
1052817
1688308
1052817
1052817
1053251
1688396
1688388
1688416
1693019
1052986
1693019
1052986
1052986
1693019
1052986
1052988
1053132
1055475
1055914
984343
984296
984292
957751
1056813
1057187
1052784
1052789
1053101
1053096
1053201
1053183
1051663
1051807
1051809
1051825
979411
979392
979398
1051952
979398
979537
981760
981676
981676
988871
988900
988900
1049981
988900
985126
289714
1050056
1050044
1048318
1048318
1048295
1108767
1108726
347145
347177
347527
1108066
1183636
347527
1183636
1183635
1180956
1180957
347298
347302
347302
347316
346680
344024
343544
343574
343572
342872
343088
1422617
1421658
1421470
1421469
1428080
1428036
1428036
1428036
286061
1428036
1428037
286313
1428037
1428036
1428552
1422816
1422545
286649
286973
286419
279512
1310720
1310721
1424478
1424323
1427227
1306484
1306767
1424436
1431793
1431482
1306815
1306824
1430948
1306824
1430948
1306824
1306803
1306711
1306715
1434567
1306715
1306714
1306900
1425718
1306900
1425718
1424941
1425420
1308106
1308129
1308130
1427632
1308130
1308103
2604088
2604232
2604225
2604250
2738645
1065037
2738645
2742001
1065019
2742001
2742016
1060974
1061058
1095042
1081554
2741679
2741698
2741952
2741960
1081474
1082614
2740495
2740503
1082624
1082612
1098806
1098572
1098794
2746684
2746684
2746696
2750248
2750619
2750617
1099310
1099309
1099265
2751902
1099265
2751902
2751842
2751818
2753498
2752914
2752535
1106580
1106581
2752534
2752534
2748218
2752203
2752367
1106443
1106442
1106425
2753377
2753391
2754417
1106095
2754417
2754891
2753777
3531363
1103952
1103937
1104024
1104065
3533376
3537250
3537454
3609166
3609167
3610951
3611205
3611304
1104077
1104077
3611304
3608910
1104321
1103751
1103712
1112888
1113243
1115938
1115953
3638962
1115953
1116777
1120425
1120469
1126733
1126727
1126750
1126957
3635121
1126957
3635121
3635118
1148757
3635118
1148757
3635118
3635111
3634410
3633018
1194854
3633018
1194854
3633018
3638826
3638640
3638644
3638644
3638580
1381662
1381673
1381673
652621
652826
652824
652804
650166
650167
650049
650047
650333
650061
650061
650198
1998757
1998749
588502
588549
588654
588171
588423
588142
588139
588195
1976117
1976123
1976307
1976307
1976543
1976544
1976611
587990
588086
588336
589727
1970496
1971934
1971934
589537
1971934
589537
589510
589520
589474
2010510
2010510
2010510
590730
2010510
1970718
1967118
1967118
1967155
580147
580164
1967064
1967022
1967019
617716
617707
1973619
617707
1973619
617707
618598
1970477
1970527
1970247
1970310
613011
1970310
613011
618605
618604
618603
673027
672993
673012
672955
671811
670812
1968989
1972228
1972558
1969968
672188
672206
1969977
672206
672201
672201
672222
672330
672547
672720
673889
670557
1938421
670557
1938421
1921413
1921412
1921424
753595
753575
1901424
2017200
2016825
2016817
2016817
2016817
2022106
2057381
773209
771055
771065
2057393
2054108
2054081
2054070
788403
788520
788522
788577
788314
788872
781693
781481
781480
752952
753084
752142
752337
752337
1518562
752337
752340
752374
1443551
1443740
752140
752100
752104
1132794
1132794
751790
1132794
1122590
751823
1122590
1122523
751830
1122523
1127051
702687
709847
709894
1126094
1126229
1126364
708457
708461
1126366
1092802
708516
708517
708190
708115
708116
708061
1094068
708061
708504
708528
708529
1094248
1091668
1091955
704022
704023
699935
697141
1107577
697141
1107577
697141
697162
728242
1107538
728242
728310
1101493
728310
728310
727449
1254040
727449
727496
727496
643510
643476
643487
657052
1207973
1207980
657051
678528
678313
1208450
678313
1208450
678313
1208450
1208464
1208151
1207615
1207620
1200100
1199906
1203350
1203462
607429
607404
607975
607936
1172888
1130687
2461121
2461156
2457758
607769
607766
607798
2457325
607798
2457325
607798
2457325
2457305
2457161
731776
720488
720486
720487
720243
717175
716730
716480
718448
718254
718281
718288
718282
990434
990428
2485395
2485397
990430
991123
991131
991130
789535
2498793
2498650
2498649
2498364
2498298
479681
479681
2498298
2498273
2498273
479656
481312
481312
483106
2498213
2498204
2497637
482705
482708
2339939
2344136
2344136
2345566
2345852
375172
375179
375184
375131
1838107
1838073
375241
1838073
1838054
1837788
1837865
401763
404180
411608
411612
948757
950348
411557
411542
411657
411286
950252
950251
950114
410621
950114
950249
950249
950564
616173
616354
616417
616572
933920
933752
934444
934677
934643
934689
935816
935930
606707
584841
584841
584655
584894
584894
935684
943684
584886
943684
944926
944812
584904
585003
587011
587025
587006
587018
587033
924566
924583
924576
1051686
1051435
1051595
930591
930591
930582
931524
931728
931727
931383
1156027
1155967
1155991
1151496
1151473
1151508
1451662
1451680
1451645
1148179
1148189
1147854
1147452
1996992
4774291
1996992
1996991
1993343
2007158
4770475
4770506
4768831
999798
999424
4768876
4768688
4768842
1004820
1004821
1004257
999083
999039
555960
554745
554745
554760
4755849
4755862
554750
554552
4787974
554552
4787974
554552
883504
883225
886937
890641
968389
968118
968107
970697
970515
970511
4794403
970511
970497
970497
4795207
970497
4795207
970497
969658
969659
4795317
4795111
969796
970362
4678475
4678453
4678453
4678589
970090
4678589
4680599
800788
800655
800655
801661
801677
1688276
1688276
1690322
1690322
1690167
4814550
4814527
7278419
4814527
4815527
7278342
7278365
4808003
7278365
7278366
4808256
4808268
4808301
4808300
4808268
7722037
4808268
7722037
7722037
7722076
7722076
7719559
4808229
7719559
4808229
4808240
4808240
4808102
7719578
4808102
4808068
4808069
7737903
7737528
7737659
4808629
7737659
7734699
7734249
4808693
7734249
7734249
7733770
2121116
7733770
2121116
2124770
2171960
2171820
7734942
2171820
7734942
7740062
2171800
2171800
2171798
2171828
2171822
7733666
7733693
7733692
7733671
8277975
2176141
2176140
8277624
8277739
8275949
8275949
2141161
8275949
8277677
2141115
8277677
2141115
2141471
8276599
8276598
8275323
8268526
8268526
2141864
2144207
2179201
2179386
8268029
2179386
2179390
2179984
2179861
2179785
2179819
1575024
1575050
1575061
1575087
1616107
8281127
8281117
8279174
1611510
1611530
8279175
8279175
1728162
1728129
1728111
1728198
1728414
1728401
8278723
8278762
8278824
1726221
1726340
1683620
1684120
1684103
1684123
1669792
8284430
8817702
8817828
8817880
8817889
1669754
1669636
8819182
1669636
8819182
1669636
1669797
1669619
1669494
1753489
5292763
5295560
1753329
1753357
1753360
1761403
5296436
5296418
1761259
1762203
5296390
5296404
5296510
1761381
5296510
5296507
5296507
5296483
5301341
5964691
8610651
8607456
4037542
4037542
4037543
4037533
3867463
8607405
3867463
3712135
3712228
3712388
3714056
8198808
3714056
3714069
8198454
8198454
8198474
8198655
8198654
3713277
8198654
3713277
3713238
1386670
1386670
8743261
8743320
8743304
1386559
1386473
1386478
1567027
1567591
1563058
1597295
1597295
1597044
1664236
8742895
1664236
1664138
1665412
8739681
1665412
1356184
8739688
8738250
8738243
1356311
1356311
8738243
8739314
8739327
12803575
1194537
1194537
1194552
12803539
12757603
12757420
12757410
12757411
1210714
1210727
805223
805228
795156
795168
795219
11925350
11925374
795219
795219
795170
793638
793632
793963
798491
798519
11479475
11479575
801639
802021
11478009
11478038
801444
11478038
801444
801443
11478027
11477997
11478010
774347
774412
772905
772925
772932
772690
772909
1045061
11375726
11375697
11374732
11371495
1045089
1045091
1045120
1045617
1045657
34544305
34544305
34544319
11369684
11369625
8715433
8715421
8715558
8715557
34539802
8715557
34539802
8715557
34539802
8715557
34539802
34540290
34488794
34487852
34487859
34452865
34452812
34452836
34453551
34453551
34453579
34453579
34453537
34451750
34448908
3982063
3982063
