4285380
676590
676589
676590
676649
4284680
4284661
4284770
4285466
4285147
678044
678221
678222
678311
4284948
4299504
4302512
4283648
4283699
612794
612794
4239843
612794
613554
627948
627995
627962
1008984
4237680
4237714
1008985
1008986
1008860
1008812
4233765
1008812
1009584
1016451
4233766
4233767
1016457
1016501
4233767
4233766
4234700
1000193
1000204
4234701
1000204
4234701
4234808
4234394
4214666
4214637
1000183
4214637
1000183
1008240
1008240
4214135
1008240
1008254
4214147
4214075
4214114
4214072
4214072
4214060
4214251
1007007
4214251
4214262
4255404
4255404
4255404
1007229
4255404
4255403
1007218
4255403
1007218
4255403
4255250
4235813
4236086
1007275
1006725
4236097
1006725
1006967
1006771
1006772
4236105
4236129
4236011
4236032
4241597
4289381
1006716
998659
4289883
998659
998087
998072
998106
4288475
4288471
4288282
5364826
5364857
997160
997206
997206
997205
997193
997193
997188
997196
996782
5365904
5365595
5334498
5334507
5334498
999429
999386
5334642
5334634
5335333
5335334
999178
999130
5335850
5335466
999178
998464
5335874
5330012
998493
5330012
5330012
996667
996673
996847
5329902
5325303
5325302
5307678
5307675
5307709
5309244
994620
5309244
994620
5309244
994620
994661
994655
994649
5308817
994649
5308817
5306615
5305860
5306250
5305532
5305486
1004218
1004308
1004417
1005316
5305401
5305401
6121836
6091601
6091555
6091535
1007499
1007390
1007363
6092650
6092343
1007486
1007390
6102663
1007390
1007473
6102386
1007473
531203
528623
528623
6102410
528623
6102410
6093779
528782
528747
528741
6093778
6093724
6093734
528098
6093734
528098
528533
528461
528602
528612
528590
528509
6092632
6090589
6090583
6090967
6090968
6091043
528291
528322
528463
530807
531054
6058362
6058361
6058254
530194
6058254
6058178
530196
6058178
530196
530196
6058472
530196
531140
531144
531055
531110
531119
531160
530282
131084822
131092481
131092589
131092550
6019431
6019431
6019416
6019409
6019418
6019417
6019441
6019455
6019439
131091607
33114013
6019625
6026532
6026613
6027238
6027229
6027205
33118348
33118622
33118577
33118913
6027358
6027348
33117353
6027348
6027096
6027048
6026604
33119101
33119151
6026590
33119151
6026590
6027482
6024686
6011954
33119187
6011954
33119187
6011954
6012009
6011979
6010347
6010316
33422506
33422554
33422554
33422577
33422507
33422501
6007652
6007652
33422501
6007652
33422501
33422486
6007703
6007610
33422537
6007610
6007664
6007665
33422540
6007665
6007629
33422540
33422915
33422914
33421504
33421477
33421109
33424987
6007955
6007975
33424823
6007975
33424823
33425021
33425021
6007954
33425021
6007954
6002300
6002999
6008183
33377472
33377260
6008395
33377260
6008395
5282643
5282753
5282913
5282923
33376739
33376875
33371071
33372931
33372931
33372923
33373017
33373010
5119128
5119172
5119106
33373005
5119106
5119928
5119650
5119651
5119636
33372886
5119636
33372886
5119636
5119635
33371527
33370774
33370775
33375304
33375238
5118721
5118627
5118598
5118648
5118640
5118578
5118579
33396151
33396398
33396238
5119422
5119441
758818
758458
758244
758244
5120090
758244
5120090
5390462
5125898
5124944
5124615
5124665
5120635
5100056
761304
761184
761099
761205
761253
761233
761233
761225
3890806
3890748
761315
761051
761050
3892424
3892421
761265
715653
3892421
2548436
2548574
2548366
716445
716436
716423
715479
2548406
2593730
2593722
2593722
2593338
2593583
2593790
2593790
699044
699045
2593790
699045
698053
698170
698170
698126
698056
698056
2593855
698056
2593855
2593856
2593772
2593808
2593817
2593838
701827
705061
2593518
2590232
2590600
705049
701041
701711
696147
696147
696123
2577196
2577156
690203
689627
689469
689480
689575
692815
692868
2537896
2537038
2536925
2536700
693202
693197
2536705
2536705
2660179
689315
688781
688793
688794
687360
687404
687341
687330
687343
2675734
687343
687304
686670
2675945
2675945
686730
686730
2676265
2675313
2675316
2675306
2675333
686708
686708
617678
621161
1659422
1661302
1661293
633546
1661293
1661368
1661370
1661311
620325
1661311
620325
1001341
1661307
1661268
1664177
1664196
998186
998251
998251
998031
998031
1664347
1664347
1664347
1664346
1078593
1078559
1696296
1714207
1714237
1714262
1714536
1078081
1714536
1714556
1721738
1067839
906667
906628
906648
906642
906614
906643
1722007
1721966
1721903
1721903
1723501
1722457
914667
1722457
914667
906611
1722621
1722597
1722589
1746781
1746735
1746696
1823490
908941
1823490
1823682
908941
908939
1846713
908939
1846713
1846711
1847038
1847038
1847062
1847062
5925412
901728
901728
5925247
5925224
901727
901736
899727
899455
909331
1473803
5782263
5782389
1473710
1474424
1474439
1331115
1330832
1330832
1330749
5784586
5784509
1330784
1330796
1330788
1330838
1331075
1323519
1323492
1323493
1323494
5784744
5784497
1324246
1324246
1324221
1324576
1324576
1324552
1324692
1324675
1324676
1329520
2815282
2820506
2820352
2820348
2820483
2820279
2817777
2760180
2748843
1352920
1352891
2796787
2796598
2796346
1352928
1353939
1354107
1354106
2795821
2795897
2795129
4091661
4091649
1336893
4091649
1336893
1344665
4091555
4091514
4091346
4091161
4551952
4551945
4551241
4549528
1345494
1345327
4549504
4549462
1345597
4549462
4549510
4549487
4549398
1347164
1347158
1347183
1347432
5229760
5229727
5223253
6767509
1347961
6767509
1347961
1349253
1349263
1349252
1349254
1349429
6887890
6888169
1347815
1347809
1347808
6892767
6892774
1347806
1347788
1345037
6892838
6893398
6893402
6893298
1345069
1345002
1345008
1345006
1352681
1359061
6029173
6029220
6029314
6029409
1350564
6029409
6029416
6029417
1350126
6029417
1350126
1350054
1350062
1391531
1449846
6029122
6029121
6039621
1449460
6039621
1449460
6039621
1449460
1449475
1449216
1449224
1447303
1447141
1444842
1447161
1447160
1447092
1451121
1402745
6035161
6035161
1403608
6035161
1403608
1403568
6189501
1403568
1403815
6186990
6186903
6186868
1090268
1096055
6186868
1096055
1017458
1018126
6028119
6028119
6032590
6030235
30222199
30222198
1017998
1019437
1019447
1019170
16462772
16462791
16426507
1011802
16426507
1011802
1011802
1011797
16426506
1011797
16426506
16426225
1012965
16426225
1012965
1012977
1013278
1013278
1012400
2702768
2702779
2703291
2703394
2703414
2703476
2697782
2697781
16161505
16177207
16176936
2697751
2697778
2697819
2690050
2690050
2690097
14180763
14180764
2690789
2690753
2690749
2690749
2690838
14190890
14190900
2690973
2690811
2690592
14191256
2690592
14191256
14191265
14191265
14191278
14189100
14189100
14189107
14185935
14185955
14186906
2688116
2687798
2687690
2687755
14477203
2687755
14477203
14477189
2688757
14477189
2688757
2687686
2687694
14477157
14468133
14468073
13863593
2687715
13863593
2687715
13863593
2687715
2689503
2689663
13863515
13863494
2697195
2697195
2697215
2697213
2697208
2696456
13863562
13863562
2696456
2696422
13864266
13864265
13864306
13864229
13864230
1008882
1008893
1008928
1009672
2862286
1009672
1009694
1009736
1008479
2803378
1008479
1059191
1060541
2803334
2803334
1060541
876903
876964
876961
876960
2802670
876960
877180
877180
878614
882156
2802677
882156
882110
2802683
2802748
2802710
2802646
882657
2802646
2802603
882656
882228
2802607
2802227
2802465
2802464
2802466
2745354
2745562
2745563
2745562
2745527
2750899
882155
2750899
2751019
882140
2751019
2751159
881952
881952
875288
873276
873208
873208
2741042
2741306
2741096
2738580
2738717
837222
837034
2740221
837034
837012
832804
2804765
2804765
2804798
1703671
2804798
3155078
3155097
3155191
3153711
1652350
3153711
1652350
1652350
3147583
3147687
3147659
3147671
3147671
1650976
1676166
3147661
3147661
1676166
1675704
1676254
1676258
3147636
1676258
1676169
3147800
3147868
3147870
1676188
1676127
1675932
1675950
1675936
1675691
1675267
1675213
3149608
1675213
1673674
1673654
3150327
1673654
1673553
1673537
1673535
1673518
1673584
1673692
1673637
1673580
1673784
1673785
2914816
1673785
1673785
2914816
2913060
1674259
1674403
2913012
1674403
1674405
1674405
1674137
1674761
2647392
2647470
1674745
